T		P		density		Gibbs		Helmholtz	Internal En	Enthalpy	Entropy		Cp		Cv
2.166000E+00	1.000000E-03	1.462000E+02	-4.951340E-01	-4.958180E-01	2.803000E+00	2.872000E+00	1.523000E+00	1.078000E+01	1.067000E+01
2.175000E+00	1.000000E-03	1.462000E+02	-5.094160E-01	-5.101000E-01	2.909000E+00	2.978000E+00	1.572000E+00	1.379000E+01	1.354000E+01
2.177000E+00	1.000000E-03	1.463000E+02	-5.115075E-01	-5.121910E-01	2.934000E+00	3.003000E+00	1.583000E+00	8.304000E+00	8.276000E+00
2.186000E+00	1.000000E-03	1.463000E+02	-5.265905E-01	-5.272740E-01	2.990000E+00	3.058000E+00	1.609000E+00	5.218000E+00	5.217000E+00
2.276000E+00	1.000000E-03	1.460000E+02	-6.795911E-01	-6.802760E-01	3.305000E+00	3.374000E+00	1.751000E+00	2.828000E+00	2.769000E+00
2.400000E+00	1.000000E-03	1.455000E+02	-9.033127E-01	-9.040000E-01	3.620000E+00	3.689000E+00	1.885000E+00	2.374000E+00	2.250000E+00
2.489000E+00	1.000000E-03	1.451000E+02	-1.077641E+00	-1.078330E+00	3.825000E+00	3.894000E+00	1.970000E+00	2.288000E+00	2.117000E+00
8.000000E-01	2.000000E-03	1.455000E+02	-3.626296E-04	-1.737200E-03	1.982000E-03	1.394000E-01	4.649000E-03	2.240000E-02	2.239000E-02
1.000000E+00	2.000000E-03	1.455000E+02	-2.235430E-03	-3.610000E-03	1.271000E-02	1.502000E-01	1.632000E-02	1.006000E-01	1.005000E-01
1.200000E+00	2.000000E-03	1.455000E+02	-8.413430E-03	-9.788000E-03	5.146000E-02	1.889000E-01	5.104000E-02	3.185000E-01	3.185000E-01
1.400000E+00	2.000000E-03	1.455000E+02	-2.562543E-02	-2.700000E-02	1.564000E-01	2.938000E-01	1.310000E-01	7.810000E-01	7.807000E-01
1.600000E+00	2.000000E-03	1.456000E+02	-6.566637E-02	-6.704000E-02	3.880000E-01	5.253000E-01	2.844000E-01	1.605000E+00	1.604000E+00
1.800000E+00	2.000000E-03	1.458000E+02	-1.462483E-01	-1.476200E-01	8.323000E-01	9.695000E-01	5.444000E-01	2.941000E+00	2.938000E+00
2.000000E+00	2.000000E-03	1.460000E+02	-2.934301E-01	-2.948000E-01	1.623000E+00	1.760000E+00	9.589000E-01	5.197000E+00	5.185000E+00
2.075000E+00	2.000000E-03	1.461000E+02	-3.728311E-01	-3.742000E-01	2.066000E+00	2.203000E+00	1.176000E+00	6.628000E+00	6.605000E+00
2.165000E+00	2.000000E-03	1.464000E+02	-4.925989E-01	-4.939650E-01	2.799000E+00	2.935000E+00	1.521000E+00	1.077000E+01	1.065000E+01
2.174000E+00	2.000000E-03	1.465000E+02	-5.068148E-01	-5.081800E-01	2.905000E+00	3.041000E+00	1.570000E+00	1.377000E+01	1.350000E+01
2.176000E+00	2.000000E-03	1.465000E+02	-5.098908E-01	-5.112560E-01	2.929000E+00	3.066000E+00	1.581000E+00	8.284000E+00	8.255000E+00
2.185000E+00	2.000000E-03	1.465000E+02	-5.249298E-01	-5.262950E-01	2.985000E+00	3.121000E+00	1.607000E+00	5.205000E+00	5.204000E+00
2.275000E+00	2.000000E-03	1.463000E+02	-6.763329E-01	-6.777000E-01	3.299000E+00	3.436000E+00	1.748000E+00	2.819000E+00	2.761000E+00
2.400000E+00	2.000000E-03	1.457000E+02	-9.028273E-01	-9.042000E-01	3.615000E+00	3.752000E+00	1.883000E+00	2.363000E+00	2.241000E+00
2.700000E+00	2.000000E-03	1.439000E+02	-1.511710E+00	-1.513100E+00	4.300000E+00	4.439000E+00	2.153000E+00	2.345000E+00	2.045000E+00
2.881000E+00	2.000000E-03	1.424000E+02	-1.916944E+00	-1.918348E+00	4.731000E+00	4.872000E+00	2.308000E+00	2.467000E+00	2.032000E+00
8.000000E-01	4.000000E-03	1.459000E+02	1.496204E-03	-1.245400E-03	2.417000E-03	2.766000E-01	4.578000E-03	2.240000E-02	2.239000E-02
2.164000E+00	4.000000E-03	1.468000E+02	-4.900632E-01	-4.927880E-01	2.790000E+00	3.062000E+00	1.517000E+00	1.073000E+01	1.061000E+01
2.173000E+00	4.000000E-03	1.469000E+02	-5.030221E-01	-5.057450E-01	2.895000E+00	3.168000E+00	1.565000E+00	1.372000E+01	1.344000E+01
2.175000E+00	4.000000E-03	1.469000E+02	-5.072521E-01	-5.099750E-01	2.920000E+00	3.192000E+00	1.577000E+00	8.247000E+00	8.214000E+00
2.184000E+00	4.000000E-03	1.469000E+02	-5.210451E-01	-5.237680E-01	2.975000E+00	3.248000E+00	1.602000E+00	5.179000E+00	5.179000E+00
2.274000E+00	4.000000E-03	1.467000E+02	-6.728553E-01	-6.755820E-01	3.288000E+00	3.561000E+00	1.743000E+00	2.801000E+00	2.745000E+00
2.400000E+00	4.000000E-03	1.462000E+02	-9.018640E-01	-9.046000E-01	3.605000E+00	3.878000E+00	1.879000E+00	2.341000E+00	2.223000E+00
2.700000E+00	4.000000E-03	1.444000E+02	-1.509430E+00	-1.512200E+00	4.282000E+00	4.559000E+00	2.146000E+00	2.322000E+00	2.033000E+00
3.000000E+00	4.000000E-03	1.418000E+02	-2.198179E+00	-2.201000E+00	5.002000E+00	5.285000E+00	2.401000E+00	2.574000E+00	2.051000E+00
3.300000E+00	4.000000E-03	1.385000E+02	-2.961212E+00	-2.964100E+00	5.837000E+00	6.126000E+00	2.667000E+00	3.054000E+00	2.226000E+00
3.369000E+00	4.000000E-03	1.376000E+02	-3.151201E+00	-3.154108E+00	6.050000E+00	6.341000E+00	2.732000E+00	3.179000E+00	2.266000E+00
2.162000E+00	6.000000E-03	1.472000E+02	-4.838679E-01	-4.879440E-01	2.781000E+00	3.189000E+00	1.512000E+00	1.070000E+01	1.057000E+01
2.171000E+00	6.000000E-03	1.473000E+02	-4.978577E-01	-5.019310E-01	2.887000E+00	3.294000E+00	1.561000E+00	1.368000E+01	1.338000E+01
2.173000E+00	6.000000E-03	1.473000E+02	-5.008827E-01	-5.049560E-01	2.911000E+00	3.319000E+00	1.572000E+00	8.213000E+00	8.176000E+00
2.182000E+00	6.000000E-03	1.473000E+02	-5.145807E-01	-5.186540E-01	2.966000E+00	3.374000E+00	1.597000E+00	5.154000E+00	5.154000E+00
2.272000E+00	6.000000E-03	1.471000E+02	-6.653851E-01	-6.694640E-01	3.277000E+00	3.685000E+00	1.737000E+00	2.783000E+00	2.729000E+00
2.400000E+00	6.000000E-03	1.466000E+02	-8.985072E-01	-9.026000E-01	3.595000E+00	4.005000E+00	1.874000E+00	2.321000E+00	2.206000E+00
2.700000E+00	6.000000E-03	1.448000E+02	-1.506156E+00	-1.510300E+00	4.265000E+00	4.679000E+00	2.139000E+00	2.300000E+00	2.021000E+00
3.000000E+00	6.000000E-03	1.423000E+02	-2.193784E+00	-2.198000E+00	4.975000E+00	5.397000E+00	2.391000E+00	2.547000E+00	2.040000E+00
3.300000E+00	6.000000E-03	1.391000E+02	-2.960187E+00	-2.964500E+00	5.797000E+00	6.228000E+00	2.655000E+00	3.014000E+00	2.216000E+00
3.600000E+00	6.000000E-03	1.351000E+02	-3.813159E+00	-3.817600E+00	6.770000E+00	7.215000E+00	2.941000E+00	3.579000E+00	2.372000E+00
3.710000E+00	6.000000E-03	1.333000E+02	-4.148419E+00	-4.152920E+00	7.170000E+00	7.620000E+00	3.052000E+00	3.822000E+00	2.418000E+00
2.160000E+00	8.000000E-03	1.476000E+02	-4.788599E-01	-4.842800E-01	2.773000E+00	3.315000E+00	1.508000E+00	1.066000E+01	1.052000E+01
2.169000E+00	8.000000E-03	1.477000E+02	-4.915476E-01	-4.969640E-01	2.878000E+00	3.420000E+00	1.556000E+00	1.363000E+01	1.332000E+01
2.171000E+00	8.000000E-03	1.477000E+02	-4.957116E-01	-5.011280E-01	2.903000E+00	3.445000E+00	1.568000E+00	8.180000E+00	8.139000E+00
2.180000E+00	8.000000E-03	1.477000E+02	-5.093236E-01	-5.147400E-01	2.958000E+00	3.499000E+00	1.593000E+00	5.130000E+00	5.130000E+00
2.270000E+00	8.000000E-03	1.475000E+02	-6.602163E-01	-6.656400E-01	3.266000E+00	3.809000E+00	1.732000E+00	2.766000E+00	2.714000E+00
2.400000E+00	8.000000E-03	1.470000E+02	-8.955578E-01	-9.010000E-01	3.587000E+00	4.131000E+00	1.870000E+00	2.301000E+00	2.189000E+00
2.700000E+00	8.000000E-03	1.453000E+02	-1.505594E+00	-1.511100E+00	4.248000E+00	4.799000E+00	2.133000E+00	2.279000E+00	2.008000E+00
3.000000E+00	8.000000E-03	1.428000E+02	-2.190398E+00	-2.196000E+00	4.950000E+00	5.510000E+00	2.382000E+00	2.521000E+00	2.028000E+00
3.300000E+00	8.000000E-03	1.397000E+02	-2.957173E+00	-2.962900E+00	5.759000E+00	6.332000E+00	2.643000E+00	2.977000E+00	2.205000E+00
3.600000E+00	8.000000E-03	1.358000E+02	-3.805509E+00	-3.811400E+00	6.715000E+00	7.304000E+00	2.924000E+00	3.518000E+00	2.362000E+00
3.900000E+00	8.000000E-03	1.308000E+02	-4.751684E+00	-4.757800E+00	7.847000E+00	8.458000E+00	3.232000E+00	4.219000E+00	2.475000E+00
3.980000E+00	8.000000E-03	1.293000E+02	-5.020413E+00	-5.026600E+00	8.187000E+00	8.806000E+00	3.320000E+00	4.464000E+00	2.499000E+00
8.000000E-01	1.013250E-02	1.469000E+02	9.080149E-03	2.182600E-03	5.653000E-03	6.954000E-01	4.338000E-03	2.237000E-02	2.235000E-02
2.156000E+00	1.013250E-02	1.480000E+02	-4.686217E-01	-4.754680E-01	2.765000E+00	3.450000E+00	1.503000E+00	1.063000E+01	1.047000E+01
2.167000E+00	1.013250E-02	1.481000E+02	-4.863423E-01	-4.931840E-01	2.870000E+00	3.554000E+00	1.552000E+00	1.358000E+01	1.325000E+01
2.169000E+00	1.013250E-02	1.481000E+02	-4.893053E-01	-4.961470E-01	2.894000E+00	3.579000E+00	1.563000E+00	8.148000E+00	8.102000E+00
2.178000E+00	1.013250E-02	1.481000E+02	-5.028223E-01	-5.096640E-01	2.949000E+00	3.633000E+00	1.588000E+00	5.105000E+00	5.105000E+00
2.268000E+00	1.013250E-02	1.479000E+02	-6.539851E-01	-6.608360E-01	3.256000E+00	3.941000E+00	1.727000E+00	2.749000E+00	2.699000E+00
2.400000E+00	1.013250E-02	1.474000E+02	-8.935258E-01	-9.004000E-01	3.578000E+00	4.265000E+00	1.866000E+00	2.281000E+00	2.172000E+00
2.700000E+00	1.013250E-02	1.457000E+02	-1.501246E+00	-1.508200E+00	4.232000E+00	4.927000E+00	2.126000E+00	2.258000E+00	1.995000E+00
3.000000E+00	1.013250E-02	1.434000E+02	-2.185934E+00	-2.193000E+00	4.923000E+00	5.630000E+00	2.372000E+00	2.494000E+00	2.016000E+00
3.300000E+00	1.013250E-02	1.403000E+02	-2.950778E+00	-2.958000E+00	5.721000E+00	6.443000E+00	2.630000E+00	2.940000E+00	2.195000E+00
3.600000E+00	1.013250E-02	1.366000E+02	-3.802382E+00	-3.809800E+00	6.659000E+00	7.401000E+00	2.908000E+00	3.460000E+00	2.352000E+00
3.900000E+00	1.013250E-02	1.318000E+02	-4.744412E+00	-4.752100E+00	7.763000E+00	8.532000E+00	3.209000E+00	4.109000E+00	2.465000E+00
4.200000E+00	1.013250E-02	1.255000E+02	-5.797526E+00	-5.805600E+00	9.096000E+00	9.904000E+00	3.548000E+00	5.145000E+00	2.546000E+00
4.222000E+00	1.013250E-02	1.249000E+02	-5.877538E+00	-5.885650E+00	9.208000E+00	1.002000E+01	3.575000E+00	5.255000E+00	2.552000E+00
2.156000E+00	1.200000E-02	1.484000E+02	-4.657577E-01	-4.738440E-01	2.758000E+00	3.567000E+00	1.499000E+00	1.059000E+01	1.043000E+01
2.165000E+00	1.200000E-02	1.484000E+02	-4.803337E-01	-4.884200E-01	2.863000E+00	3.671000E+00	1.548000E+00	1.354000E+01	1.319000E+01
2.167000E+00	1.200000E-02	1.484000E+02	-4.832667E-01	-4.913530E-01	2.887000E+00	3.696000E+00	1.559000E+00	8.120000E+00	8.070000E+00
2.176000E+00	1.200000E-02	1.484000E+02	-4.966977E-01	-5.047840E-01	2.942000E+00	3.750000E+00	1.584000E+00	5.083000E+00	5.083000E+00
2.266000E+00	1.200000E-02	1.483000E+02	-6.469603E-01	-6.550520E-01	3.247000E+00	4.056000E+00	1.722000E+00	2.734000E+00	2.686000E+00
2.400000E+00	1.200000E-02	1.478000E+02	-8.896809E-01	-8.978000E-01	3.571000E+00	4.383000E+00	1.862000E+00	2.264000E+00	2.157000E+00
2.700000E+00	1.200000E-02	1.461000E+02	-1.497786E+00	-1.506000E+00	4.218000E+00	5.039000E+00	2.120000E+00	2.240000E+00	1.984000E+00
3.000000E+00	1.200000E-02	1.438000E+02	-2.181655E+00	-2.190000E+00	4.902000E+00	5.736000E+00	2.364000E+00	2.472000E+00	2.006000E+00
3.300000E+00	1.200000E-02	1.409000E+02	-2.948483E+00	-2.957000E+00	5.689000E+00	6.541000E+00	2.620000E+00	2.910000E+00	2.186000E+00
3.600000E+00	1.200000E-02	1.372000E+02	-3.795654E+00	-3.804400E+00	6.614000E+00	7.488000E+00	2.894000E+00	3.413000E+00	2.344000E+00
3.900000E+00	1.200000E-02	1.326000E+02	-4.736950E+00	-4.746000E+00	7.695000E+00	8.600000E+00	3.190000E+00	4.025000E+00	2.456000E+00
4.200000E+00	1.200000E-02	1.266000E+02	-5.784321E+00	-5.793800E+00	8.986000E+00	9.933000E+00	3.519000E+00	4.950000E+00	2.536000E+00
4.407000E+00	1.200000E-02	1.211000E+02	-6.577365E+00	-6.587274E+00	1.008000E+01	1.107000E+01	3.782000E+00	6.137000E+00	2.585000E+00
2.154000E+00	1.400000E-02	1.487000E+02	-4.598151E-01	-4.692300E-01	2.751000E+00	3.693000E+00	1.495000E+00	1.055000E+01	1.038000E+01
2.163000E+00	1.400000E-02	1.488000E+02	-4.721004E-01	-4.815090E-01	2.856000E+00	3.796000E+00	1.543000E+00	1.349000E+01	1.312000E+01
2.165000E+00	1.400000E-02	1.488000E+02	-4.771664E-01	-4.865750E-01	2.880000E+00	3.821000E+00	1.555000E+00	8.092000E+00	8.037000E+00
2.174000E+00	1.400000E-02	1.488000E+02	-4.893374E-01	-4.987460E-01	2.934000E+00	3.875000E+00	1.579000E+00	5.060000E+00	5.060000E+00
2.264000E+00	1.400000E-02	1.487000E+02	-6.398731E-01	-6.492880E-01	3.238000E+00	4.180000E+00	1.717000E+00	2.718000E+00	2.672000E+00
2.400000E+00	1.400000E-02	1.482000E+02	-8.857533E-01	-8.952000E-01	3.564000E+00	4.508000E+00	1.858000E+00	2.246000E+00	2.142000E+00
2.700000E+00	1.400000E-02	1.466000E+02	-1.494250E+00	-1.503800E+00	4.204000E+00	5.160000E+00	2.114000E+00	2.221000E+00	1.972000E+00
3.000000E+00	1.400000E-02	1.443000E+02	-2.178298E+00	-2.188000E+00	4.880000E+00	5.850000E+00	2.356000E+00	2.450000E+00	1.996000E+00
3.300000E+00	1.400000E-02	1.414000E+02	-2.942799E+00	-2.952700E+00	5.657000E+00	6.647000E+00	2.609000E+00	2.879000E+00	2.177000E+00
3.600000E+00	1.400000E-02	1.378000E+02	-3.790840E+00	-3.801000E+00	6.567000E+00	7.583000E+00	2.880000E+00	3.367000E+00	2.335000E+00
3.900000E+00	1.400000E-02	1.334000E+02	-4.729405E+00	-4.739900E+00	7.627000E+00	8.676000E+00	3.171000E+00	3.945000E+00	2.447000E+00
4.200000E+00	1.400000E-02	1.278000E+02	-5.777445E+00	-5.788400E+00	8.878000E+00	9.974000E+00	3.492000E+00	4.777000E+00	2.526000E+00
4.500000E+00	1.400000E-02	1.198000E+02	-6.953314E+00	-6.965000E+00	1.045000E+01	1.162000E+01	3.870000E+00	6.468000E+00	2.594000E+00
4.584000E+00	1.400000E-02	1.168000E+02	-7.310262E+00	-7.322248E+00	1.100000E+01	1.220000E+01	3.997000E+00	7.436000E+00	2.615000E+00
2.152000E+00	1.600000E-02	1.491000E+02	-4.529009E-01	-4.636320E-01	2.745000E+00	3.818000E+00	1.491000E+00	1.051000E+01	1.033000E+01
2.161000E+00	1.600000E-02	1.492000E+02	-4.660551E-01	-4.767790E-01	2.849000E+00	3.921000E+00	1.539000E+00	1.344000E+01	1.306000E+01
2.163000E+00	1.600000E-02	1.492000E+02	-4.689261E-01	-4.796500E-01	2.873000E+00	3.946000E+00	1.550000E+00	8.064000E+00	8.004000E+00
2.172000E+00	1.600000E-02	1.492000E+02	-4.831761E-01	-4.939000E-01	2.927000E+00	4.000000E+00	1.575000E+00	5.038000E+00	5.037000E+00
2.262000E+00	1.600000E-02	1.490000E+02	-6.328057E-01	-6.435440E-01	3.229000E+00	4.303000E+00	1.712000E+00	2.703000E+00	2.658000E+00
2.400000E+00	1.600000E-02	1.485000E+02	-8.818256E-01	-8.926000E-01	3.557000E+00	4.634000E+00	1.854000E+00	2.229000E+00	2.126000E+00
2.700000E+00	1.600000E-02	1.470000E+02	-1.489716E+00	-1.500600E+00	4.191000E+00	5.280000E+00	2.108000E+00	2.203000E+00	1.960000E+00
3.000000E+00	1.600000E-02	1.448000E+02	-2.174950E+00	-2.186000E+00	4.858000E+00	5.964000E+00	2.348000E+00	2.428000E+00	1.986000E+00
3.300000E+00	1.600000E-02	1.419000E+02	-2.936124E+00	-2.947400E+00	5.626000E+00	6.754000E+00	2.598000E+00	2.850000E+00	2.168000E+00
3.600000E+00	1.600000E-02	1.385000E+02	-3.783048E+00	-3.794600E+00	6.523000E+00	7.679000E+00	2.866000E+00	3.324000E+00	2.326000E+00
3.900000E+00	1.600000E-02	1.342000E+02	-4.721777E+00	-4.733700E+00	7.563000E+00	8.755000E+00	3.153000E+00	3.872000E+00	2.438000E+00
4.200000E+00	1.600000E-02	1.288000E+02	-5.764778E+00	-5.777200E+00	8.780000E+00	1.002000E+01	3.466000E+00	4.630000E+00	2.517000E+00
4.500000E+00	1.600000E-02	1.215000E+02	-6.928331E+00	-6.941500E+00	1.028000E+01	1.159000E+01	3.827000E+00	6.027000E+00	2.581000E+00
4.744000E+00	1.600000E-02	1.121000E+02	-8.012199E+00	-8.026472E+00	1.196000E+01	1.338000E+01	4.213000E+00	9.439000E+00	2.644000E+00
8.000000E-01	1.800000E-02	1.482000E+02	2.255975E-02	1.041400E-02	1.365000E-02	1.228000E+00	4.045000E-03	2.206000E-02	2.205000E-02
2.150000E+00	1.800000E-02	1.495000E+02	-4.460099E-01	-4.580500E-01	2.739000E+00	3.943000E+00	1.487000E+00	1.047000E+01	1.028000E+01
2.159000E+00	1.800000E-02	1.495000E+02	-4.578659E-01	-4.699060E-01	2.842000E+00	4.046000E+00	1.534000E+00	1.339000E+01	1.299000E+01
2.161000E+00	1.800000E-02	1.495000E+02	-4.618659E-01	-4.739060E-01	2.867000E+00	4.071000E+00	1.546000E+00	8.037000E+00	7.971000E+00
2.170000E+00	1.800000E-02	1.496000E+02	-4.760379E-01	-4.880700E-01	2.921000E+00	4.124000E+00	1.571000E+00	5.015000E+00	5.015000E+00
2.260000E+00	1.800000E-02	1.494000E+02	-6.247718E-01	-6.368200E-01	3.221000E+00	4.426000E+00	1.707000E+00	2.688000E+00	2.645000E+00
2.400000E+00	1.800000E-02	1.489000E+02	-8.793113E-01	-8.914000E-01	3.551000E+00	4.760000E+00	1.851000E+00	2.212000E+00	2.111000E+00
2.700000E+00	1.800000E-02	1.474000E+02	-1.484188E+00	-1.496400E+00	4.179000E+00	5.400000E+00	2.102000E+00	2.186000E+00	1.949000E+00
3.000000E+00	1.800000E-02	1.452000E+02	-2.169603E+00	-2.182000E+00	4.838000E+00	6.078000E+00	2.340000E+00	2.407000E+00	1.975000E+00
3.300000E+00	1.800000E-02	1.424000E+02	-2.930760E+00	-2.943400E+00	5.597000E+00	6.861000E+00	2.588000E+00	2.823000E+00	2.159000E+00
3.600000E+00	1.800000E-02	1.391000E+02	-3.776860E+00	-3.789800E+00	6.481000E+00	7.776000E+00	2.853000E+00	3.283000E+00	2.318000E+00
3.900000E+00	1.800000E-02	1.349000E+02	-4.714057E+00	-4.727400E+00	7.503000E+00	8.837000E+00	3.136000E+00	3.807000E+00	2.430000E+00
4.200000E+00	1.800000E-02	1.298000E+02	-5.752533E+00	-5.766400E+00	8.690000E+00	1.008000E+01	3.442000E+00	4.504000E+00	2.508000E+00
4.500000E+00	1.800000E-02	1.229000E+02	-6.915854E+00	-6.930500E+00	1.012000E+01	1.159000E+01	3.789000E+00	5.696000E+00	2.570000E+00
4.800000E+00	1.800000E-02	1.122000E+02	-8.245957E+00	-8.262000E+00	1.209000E+01	1.369000E+01	4.240000E+00	9.190000E+00	2.641000E+00
4.891000E+00	1.800000E-02	1.067000E+02	-8.728952E+00	-8.745822E+00	1.298000E+01	1.467000E+01	4.442000E+00	1.304000E+01	2.675000E+00
8.000000E-01	2.000000E-02	1.482000E+02	2.390928E-02	1.041400E-02	1.365000E-02	1.228000E+00	4.045000E-03	2.206000E-02	2.205000E-02
2.150000E+00	2.000000E-02	1.495000E+02	-4.446721E-01	-4.580500E-01	2.739000E+00	3.943000E+00	1.487000E+00	1.047000E+01	1.028000E+01
2.159000E+00	2.000000E-02	1.495000E+02	-4.565281E-01	-4.699060E-01	2.842000E+00	4.046000E+00	1.534000E+00	1.339000E+01	1.299000E+01
2.161000E+00	2.000000E-02	1.495000E+02	-4.605281E-01	-4.739060E-01	2.867000E+00	4.071000E+00	1.546000E+00	8.037000E+00	7.971000E+00
2.170000E+00	2.000000E-02	1.496000E+02	-4.747010E-01	-4.880700E-01	2.921000E+00	4.124000E+00	1.571000E+00	5.015000E+00	5.015000E+00
2.260000E+00	2.000000E-02	1.494000E+02	-6.234331E-01	-6.368200E-01	3.221000E+00	4.426000E+00	1.707000E+00	2.688000E+00	2.645000E+00
2.400000E+00	2.000000E-02	1.489000E+02	-8.779682E-01	-8.914000E-01	3.551000E+00	4.760000E+00	1.851000E+00	2.212000E+00	2.111000E+00
2.700000E+00	2.000000E-02	1.474000E+02	-1.482831E+00	-1.496400E+00	4.179000E+00	5.400000E+00	2.102000E+00	2.186000E+00	1.949000E+00
3.000000E+00	2.000000E-02	1.452000E+02	-2.168226E+00	-2.182000E+00	4.838000E+00	6.078000E+00	2.340000E+00	2.407000E+00	1.975000E+00
3.300000E+00	2.000000E-02	1.424000E+02	-2.929355E+00	-2.943400E+00	5.597000E+00	6.861000E+00	2.588000E+00	2.823000E+00	2.159000E+00
3.600000E+00	2.000000E-02	1.391000E+02	-3.775422E+00	-3.789800E+00	6.481000E+00	7.776000E+00	2.853000E+00	3.283000E+00	2.318000E+00
3.900000E+00	2.000000E-02	1.349000E+02	-4.712574E+00	-4.727400E+00	7.503000E+00	8.837000E+00	3.136000E+00	3.807000E+00	2.430000E+00
4.200000E+00	2.000000E-02	1.298000E+02	-5.750992E+00	-5.766400E+00	8.690000E+00	1.008000E+01	3.442000E+00	4.504000E+00	2.508000E+00
4.500000E+00	2.000000E-02	1.229000E+02	-6.914227E+00	-6.930500E+00	1.012000E+01	1.159000E+01	3.789000E+00	5.696000E+00	2.570000E+00
4.800000E+00	2.000000E-02	1.122000E+02	-8.244175E+00	-8.262000E+00	1.209000E+01	1.369000E+01	4.240000E+00	9.190000E+00	2.641000E+00
4.891000E+00	2.000000E-02	1.067000E+02	-8.727078E+00	-8.745822E+00	1.298000E+01	1.467000E+01	4.442000E+00	1.304000E+01	2.675000E+00
2.147000E+00	2.100000E-02	1.500000E+02	-4.335600E-01	-4.475600E-01	2.730000E+00	4.130000E+00	1.480000E+00	1.041000E+01	1.021000E+01
2.156000E+00	2.100000E-02	1.501000E+02	-4.473773E-01	-4.613680E-01	2.833000E+00	4.232000E+00	1.528000E+00	1.331000E+01	1.289000E+01
2.158000E+00	2.100000E-02	1.501000E+02	-4.513293E-01	-4.653200E-01	2.858000E+00	4.258000E+00	1.540000E+00	7.996000E+00	7.923000E+00
2.167000E+00	2.100000E-02	1.501000E+02	-4.653643E-01	-4.793550E-01	2.912000E+00	4.311000E+00	1.565000E+00	4.982000E+00	4.981000E+00
2.257000E+00	2.100000E-02	1.499000E+02	-6.128907E-01	-6.269000E-01	3.210000E+00	4.610000E+00	1.700000E+00	2.666000E+00	2.625000E+00
2.400000E+00	2.100000E-02	1.495000E+02	-8.719532E-01	-8.860000E-01	3.542000E+00	4.947000E+00	1.845000E+00	2.187000E+00	2.089000E+00
2.700000E+00	2.100000E-02	1.480000E+02	-1.478611E+00	-1.492800E+00	4.161000E+00	5.581000E+00	2.094000E+00	2.161000E+00	1.932000E+00
3.000000E+00	2.100000E-02	1.459000E+02	-2.159607E+00	-2.174000E+00	4.810000E+00	6.250000E+00	2.328000E+00	2.377000E+00	1.961000E+00
3.300000E+00	2.100000E-02	1.432000E+02	-2.924535E+00	-2.939200E+00	5.555000E+00	7.022000E+00	2.574000E+00	2.784000E+00	2.146000E+00
3.600000E+00	2.100000E-02	1.399000E+02	-3.768989E+00	-3.784000E+00	6.422000E+00	7.923000E+00	2.835000E+00	3.228000E+00	2.306000E+00
3.900000E+00	2.100000E-02	1.360000E+02	-4.702359E+00	-4.717800E+00	7.419000E+00	8.963000E+00	3.112000E+00	3.719000E+00	2.418000E+00
4.200000E+00	2.100000E-02	1.311000E+02	-5.735782E+00	-5.751800E+00	8.566000E+00	1.017000E+01	3.409000E+00	4.345000E+00	2.495000E+00
4.500000E+00	2.100000E-02	1.249000E+02	-6.885687E+00	-6.902500E+00	9.923000E+00	1.160000E+01	3.739000E+00	5.323000E+00	2.554000E+00
4.800000E+00	2.100000E-02	1.159000E+02	-8.193881E+00	-8.212000E+00	1.166000E+01	1.347000E+01	4.140000E+00	7.516000E+00	2.615000E+00
5.000000E+00	2.100000E-02	1.056000E+02	-9.230114E+00	-9.250000E+00	1.340000E+01	1.539000E+01	4.530000E+00	1.315000E+01	2.678000E+00
5.090000E+00	2.100000E-02	9.551000E+01	-9.861223E+00	-9.883210E+00	1.490000E+01	1.710000E+01	4.869000E+00	3.197000E+01	2.740000E+00
2.145000E+00	2.300000E-02	1.504000E+02	-4.267274E-01	-4.420200E-01	2.724000E+00	4.254000E+00	1.476000E+00	1.037000E+01	1.016000E+01
2.154000E+00	2.300000E-02	1.504000E+02	-4.404034E-01	-4.556960E-01	2.827000E+00	4.356000E+00	1.524000E+00	1.326000E+01	1.282000E+01
2.156000E+00	2.300000E-02	1.504000E+02	-4.433234E-01	-4.586160E-01	2.853000E+00	4.382000E+00	1.536000E+00	7.969000E+00	7.891000E+00
2.165000E+00	2.300000E-02	1.504000E+02	-4.561074E-01	-4.714000E-01	2.906000E+00	4.435000E+00	1.560000E+00	4.960000E+00	4.959000E+00
2.255000E+00	2.300000E-02	1.503000E+02	-6.039223E-01	-6.192250E-01	3.203000E+00	4.733000E+00	1.695000E+00	2.651000E+00	2.612000E+00
2.400000E+00	2.300000E-02	1.498000E+02	-8.660462E-01	-8.814000E-01	3.537000E+00	5.072000E+00	1.841000E+00	2.171000E+00	2.075000E+00
2.700000E+00	2.300000E-02	1.484000E+02	-1.471101E+00	-1.486600E+00	4.151000E+00	5.701000E+00	2.088000E+00	2.145000E+00	1.921000E+00
3.000000E+00	2.300000E-02	1.463000E+02	-2.155279E+00	-2.171000E+00	4.792000E+00	6.364000E+00	2.321000E+00	2.358000E+00	1.951000E+00
3.300000E+00	2.300000E-02	1.437000E+02	-2.916194E+00	-2.932200E+00	5.529000E+00	7.130000E+00	2.564000E+00	2.760000E+00	2.137000E+00
3.600000E+00	2.300000E-02	1.405000E+02	-3.760430E+00	-3.776800E+00	6.386000E+00	8.023000E+00	2.823000E+00	3.194000E+00	2.298000E+00
3.900000E+00	2.300000E-02	1.367000E+02	-4.690575E+00	-4.707400E+00	7.367000E+00	9.050000E+00	3.096000E+00	3.667000E+00	2.411000E+00
4.200000E+00	2.300000E-02	1.320000E+02	-5.725376E+00	-5.742800E+00	8.491000E+00	1.023000E+01	3.389000E+00	4.253000E+00	2.487000E+00
4.500000E+00	2.300000E-02	1.261000E+02	-6.867261E+00	-6.885500E+00	9.805000E+00	1.163000E+01	3.709000E+00	5.129000E+00	2.545000E+00
4.800000E+00	2.300000E-02	1.179000E+02	-8.162892E+00	-8.182400E+00	1.144000E+01	1.339000E+01	4.088000E+00	6.879000E+00	2.602000E+00
5.000000E+00	2.300000E-02	1.095000E+02	-9.158995E+00	-9.180000E+00	1.293000E+01	1.503000E+01	4.422000E+00	1.010000E+01	2.653000E+00
5.100000E+00	2.300000E-02	1.028000E+02	-9.743826E+00	-9.766200E+00	1.401000E+01	1.624000E+01	4.662000E+00	1.512000E+01	2.694000E+00
8.000000E-01	2.400000E-02	1.491000E+02	3.533778E-02	1.924120E-02	2.233000E-02	1.632000E+00	3.861000E-03	2.163000E-02	2.162000E-02
2.144000E+00	2.400000E-02	1.505000E+02	-4.223092E-01	-4.382560E-01	2.722000E+00	4.316000E+00	1.474000E+00	1.035000E+01	1.013000E+01
2.153000E+00	2.400000E-02	1.506000E+02	-4.369297E-01	-4.528660E-01	2.824000E+00	4.418000E+00	1.522000E+00	1.323000E+01	1.278000E+01
2.155000E+00	2.400000E-02	1.506000E+02	-4.398337E-01	-4.557700E-01	2.850000E+00	4.444000E+00	1.534000E+00	7.956000E+00	7.874000E+00
2.164000E+00	2.400000E-02	1.506000E+02	-4.515757E-01	-4.675120E-01	2.904000E+00	4.497000E+00	1.558000E+00	4.949000E+00	4.948000E+00
2.254000E+00	2.400000E-02	1.505000E+02	-6.010752E-01	-6.170220E-01	3.199000E+00	4.794000E+00	1.693000E+00	2.644000E+00	2.606000E+00
2.400000E+00	2.400000E-02	1.500000E+02	-8.650000E-01	-8.810000E-01	3.535000E+00	5.135000E+00	1.840000E+00	2.164000E+00	2.068000E+00
2.700000E+00	2.400000E-02	1.486000E+02	-1.471049E+00	-1.487200E+00	4.145000E+00	5.761000E+00	2.086000E+00	2.138000E+00	1.915000E+00
3.000000E+00	2.400000E-02	1.465000E+02	-2.151618E+00	-2.168000E+00	4.783000E+00	6.421000E+00	2.317000E+00	2.349000E+00	1.947000E+00
3.300000E+00	2.400000E-02	1.439000E+02	-2.911022E+00	-2.927700E+00	5.517000E+00	7.184000E+00	2.559000E+00	2.748000E+00	2.133000E+00
3.600000E+00	2.400000E-02	1.408000E+02	-3.756155E+00	-3.773200E+00	6.368000E+00	8.073000E+00	2.817000E+00	3.177000E+00	2.295000E+00
3.900000E+00	2.400000E-02	1.370000E+02	-4.687582E+00	-4.705100E+00	7.342000E+00	9.094000E+00	3.089000E+00	3.642000E+00	2.407000E+00
4.200000E+00	2.400000E-02	1.324000E+02	-5.718673E+00	-5.736800E+00	8.455000E+00	1.027000E+01	3.379000E+00	4.211000E+00	2.483000E+00
4.500000E+00	2.400000E-02	1.266000E+02	-6.857543E+00	-6.876500E+00	9.751000E+00	1.165000E+01	3.695000E+00	5.044000E+00	2.541000E+00
4.800000E+00	2.400000E-02	1.188000E+02	-8.151798E+00	-8.172000E+00	1.134000E+01	1.337000E+01	4.065000E+00	6.632000E+00	2.596000E+00
5.000000E+00	2.400000E-02	1.111000E+02	-9.128398E+00	-9.150000E+00	1.275000E+01	1.491000E+01	4.380000E+00	9.257000E+00	2.643000E+00
5.100000E+00	2.400000E-02	1.053000E+02	-9.691308E+00	-9.714100E+00	1.370000E+01	1.598000E+01	4.591000E+00	1.260000E+01	2.677000E+00
2.142000E+00	2.600000E-02	1.509000E+02	-4.145100E-01	-4.317400E-01	2.717000E+00	4.440000E+00	1.470000E+00	1.031000E+01	1.008000E+01
2.151000E+00	2.600000E-02	1.509000E+02	-4.268370E-01	-4.440670E-01	2.819000E+00	4.541000E+00	1.517000E+00	1.318000E+01	1.271000E+01
2.153000E+00	2.600000E-02	1.510000E+02	-4.308715E-01	-4.480900E-01	2.846000E+00	4.568000E+00	1.530000E+00	7.929000E+00	7.842000E+00
2.162000E+00	2.600000E-02	1.510000E+02	-4.445295E-01	-4.617480E-01	2.898000E+00	4.621000E+00	1.554000E+00	4.928000E+00	4.925000E+00
2.252000E+00	2.600000E-02	1.508000E+02	-5.921346E-01	-6.093760E-01	3.192000E+00	4.916000E+00	1.688000E+00	2.630000E+00	2.593000E+00
2.400000E+00	2.600000E-02	1.503000E+02	-8.591013E-01	-8.764000E-01	3.530000E+00	5.260000E+00	1.836000E+00	2.148000E+00	2.054000E+00
2.700000E+00	2.600000E-02	1.489000E+02	-1.463539E+00	-1.481000E+00	4.135000E+00	5.881000E+00	2.080000E+00	2.123000E+00	1.905000E+00
3.000000E+00	2.600000E-02	1.469000E+02	-2.145301E+00	-2.163000E+00	4.767000E+00	6.536000E+00	2.310000E+00	2.330000E+00	1.937000E+00
3.300000E+00	2.600000E-02	1.444000E+02	-2.904994E+00	-2.923000E+00	5.492000E+00	7.293000E+00	2.550000E+00	2.725000E+00	2.125000E+00
3.600000E+00	2.600000E-02	1.413000E+02	-3.746599E+00	-3.765000E+00	6.333000E+00	8.173000E+00	2.805000E+00	3.146000E+00	2.287000E+00
3.900000E+00	2.600000E-02	1.376000E+02	-4.679605E+00	-4.698500E+00	7.294000E+00	9.183000E+00	3.075000E+00	3.595000E+00	2.400000E+00
4.200000E+00	2.600000E-02	1.332000E+02	-5.705480E+00	-5.725000E+00	8.387000E+00	1.034000E+01	3.360000E+00	4.134000E+00	2.476000E+00
4.500000E+00	2.600000E-02	1.277000E+02	-6.842140E+00	-6.862500E+00	9.648000E+00	1.168000E+01	3.669000E+00	4.892000E+00	2.532000E+00
4.800000E+00	2.600000E-02	1.204000E+02	-8.114005E+00	-8.135600E+00	1.117000E+01	1.333000E+01	4.022000E+00	6.232000E+00	2.585000E+00
5.000000E+00	2.600000E-02	1.136000E+02	-9.077113E+00	-9.100000E+00	1.245000E+01	1.474000E+01	4.310000E+00	8.123000E+00	2.626000E+00
5.100000E+00	2.600000E-02	1.090000E+02	-9.614947E+00	-9.638800E+00	1.325000E+01	1.564000E+01	4.488000E+00	1.002000E+01	2.654000E+00
2.140000E+00	2.800000E-02	1.512000E+02	-4.067215E-01	-4.252400E-01	2.712000E+00	4.564000E+00	1.466000E+00	1.027000E+01	1.003000E+01
2.149000E+00	2.800000E-02	1.513000E+02	-4.189307E-01	-4.374370E-01	2.814000E+00	4.665000E+00	1.513000E+00	1.313000E+01	1.264000E+01
2.151000E+00	2.800000E-02	1.513000E+02	-4.229197E-01	-4.414260E-01	2.841000E+00	4.692000E+00	1.526000E+00	7.902000E+00	7.809000E+00
2.160000E+00	2.800000E-02	1.513000E+02	-4.354937E-01	-4.540000E-01	2.894000E+00	4.744000E+00	1.550000E+00	4.906000E+00	4.903000E+00
2.250000E+00	2.800000E-02	1.512000E+02	-5.844815E-01	-6.030000E-01	3.186000E+00	5.038000E+00	1.684000E+00	2.616000E+00	2.580000E+00
2.400000E+00	2.800000E-02	1.507000E+02	-8.546200E-01	-8.732000E-01	3.526000E+00	5.384000E+00	1.833000E+00	2.133000E+00	2.040000E+00
2.700000E+00	2.800000E-02	1.493000E+02	-1.457746E+00	-1.476500E+00	4.126000E+00	6.001000E+00	2.075000E+00	2.108000E+00	1.894000E+00
3.000000E+00	2.800000E-02	1.473000E+02	-2.138991E+00	-2.158000E+00	4.751000E+00	6.651000E+00	2.303000E+00	2.313000E+00	1.928000E+00
3.300000E+00	2.800000E-02	1.448000E+02	-2.896963E+00	-2.916300E+00	5.469000E+00	7.402000E+00	2.541000E+00	2.703000E+00	2.117000E+00
3.600000E+00	2.800000E-02	1.418000E+02	-3.737654E+00	-3.757400E+00	6.301000E+00	8.275000E+00	2.794000E+00	3.116000E+00	2.280000E+00
3.900000E+00	2.800000E-02	1.382000E+02	-4.669640E+00	-4.689900E+00	7.248000E+00	9.274000E+00	3.061000E+00	3.551000E+00	2.393000E+00
4.200000E+00	2.800000E-02	1.339000E+02	-5.693489E+00	-5.714400E+00	8.322000E+00	1.041000E+01	3.342000E+00	4.063000E+00	2.469000E+00
4.500000E+00	2.800000E-02	1.286000E+02	-6.823227E+00	-6.845000E+00	9.553000E+00	1.173000E+01	3.644000E+00	4.761000E+00	2.525000E+00
4.800000E+00	2.800000E-02	1.218000E+02	-8.085011E+00	-8.108000E+00	1.102000E+01	1.331000E+01	3.985000E+00	5.920000E+00	2.574000E+00
5.000000E+00	2.800000E-02	1.157000E+02	-9.030799E+00	-9.055000E+00	1.221000E+01	1.463000E+01	4.253000E+00	7.383000E+00	2.612000E+00
5.100000E+00	2.800000E-02	1.118000E+02	-9.551055E+00	-9.576100E+00	1.292000E+01	1.543000E+01	4.411000E+00	8.659000E+00	2.635000E+00
5.300000E+00	2.800000E-02	1.002000E+02	-1.075466E+01	-1.078260E+01	1.488000E+01	1.767000E+01	4.842000E+00	1.546000E+01	2.705000E+00
5.500000E+00	2.800000E-02	6.851000E+01	-1.309713E+01	-1.313800E+01	1.973000E+01	2.382000E+01	5.976000E+00	4.349000E+01	2.894000E+00
8.000000E-01	3.000000E-02	1.500000E+02	5.001640E-02	3.001640E-02	3.299000E-02	2.033000E+00	3.717000E-03	2.113000E-02	2.112000E-02
2.138000E+00	3.000000E-02	1.515000E+02	-3.979540E-01	-4.177560E-01	2.708000E+00	4.687000E+00	1.462000E+00	1.023000E+01	9.981000E+00
2.147000E+00	3.000000E-02	1.516000E+02	-4.110341E-01	-4.308230E-01	2.809000E+00	4.788000E+00	1.509000E+00	1.308000E+01	1.257000E+01
2.149000E+00	3.000000E-02	1.516000E+02	-4.139891E-01	-4.337780E-01	2.837000E+00	4.815000E+00	1.522000E+00	7.875000E+00	7.776000E+00
2.158000E+00	3.000000E-02	1.516000E+02	-4.274791E-01	-4.472680E-01	2.889000E+00	4.868000E+00	1.546000E+00	4.885000E+00	4.881000E+00
2.248000E+00	3.000000E-02	1.515000E+02	-5.745900E-01	-5.943920E-01	3.180000E+00	5.160000E+00	1.679000E+00	2.602000E+00	2.568000E+00
2.400000E+00	3.000000E-02	1.510000E+02	-8.477325E-01	-8.676000E-01	3.522000E+00	5.509000E+00	1.829000E+00	2.119000E+00	2.026000E+00
2.700000E+00	3.000000E-02	1.497000E+02	-1.451960E+00	-1.472000E+00	4.117000E+00	6.121000E+00	2.070000E+00	2.094000E+00	1.884000E+00
3.000000E+00	3.000000E-02	1.477000E+02	-2.131689E+00	-2.152000E+00	4.736000E+00	6.766000E+00	2.296000E+00	2.296000E+00	1.919000E+00
3.300000E+00	3.000000E-02	1.453000E+02	-2.891253E+00	-2.911900E+00	5.447000E+00	7.512000E+00	2.533000E+00	2.682000E+00	2.109000E+00
3.600000E+00	3.000000E-02	1.423000E+02	-3.732318E+00	-3.753400E+00	6.269000E+00	8.377000E+00	2.784000E+00	3.088000E+00	2.273000E+00
3.900000E+00	3.000000E-02	1.388000E+02	-4.656686E+00	-4.678300E+00	7.205000E+00	9.366000E+00	3.047000E+00	3.511000E+00	2.386000E+00
4.200000E+00	3.000000E-02	1.346000E+02	-5.680712E+00	-5.703000E+00	8.262000E+00	1.049000E+01	3.325000E+00	3.999000E+00	2.462000E+00
4.500000E+00	3.000000E-02	1.296000E+02	-6.806352E+00	-6.829500E+00	9.465000E+00	1.178000E+01	3.621000E+00	4.647000E+00	2.517000E+00
4.800000E+00	3.000000E-02	1.231000E+02	-8.060430E+00	-8.084800E+00	1.088000E+01	1.331000E+01	3.951000E+00	5.667000E+00	2.565000E+00
5.000000E+00	3.000000E-02	1.175000E+02	-8.994468E+00	-9.020000E+00	1.200000E+01	1.456000E+01	4.204000E+00	6.854000E+00	2.600000E+00
5.100000E+00	3.000000E-02	1.141000E+02	-9.488507E+00	-9.514800E+00	1.266000E+01	1.528000E+01	4.348000E+00	7.796000E+00	2.621000E+00
5.300000E+00	3.000000E-02	1.048000E+02	-1.062907E+01	-1.065770E+01	1.430000E+01	1.716000E+01	4.709000E+00	1.167000E+01	2.676000E+00
5.500000E+00	3.000000E-02	8.622000E+01	-1.224371E+01	-1.227850E+01	1.724000E+01	2.072000E+01	5.367000E+00	2.812000E+01	2.790000E+00
2.128000E+00	4.000000E-02	1.531000E+02	-3.545773E-01	-3.807040E-01	2.690000E+00	5.302000E+00	1.443000E+00	1.005000E+01	9.739000E+00
2.137000E+00	4.000000E-02	1.532000E+02	-3.658833E-01	-3.919930E-01	2.790000E+00	5.401000E+00	1.489000E+00	1.284000E+01	1.223000E+01
2.139000E+00	4.000000E-02	1.532000E+02	-3.688073E-01	-3.949170E-01	2.820000E+00	5.430000E+00	1.503000E+00	7.736000E+00	7.608000E+00
2.148000E+00	4.000000E-02	1.533000E+02	-3.819034E-01	-4.079960E-01	2.872000E+00	5.482000E+00	1.527000E+00	4.778000E+00	4.771000E+00
2.238000E+00	4.000000E-02	1.532000E+02	-5.272563E-01	-5.533660E-01	3.155000E+00	5.767000E+00	1.657000E+00	2.535000E+00	2.506000E+00
2.400000E+00	4.000000E-02	1.527000E+02	-8.170048E-01	-8.432000E-01	3.508000E+00	6.128000E+00	1.813000E+00	2.049000E+00	1.961000E+00
2.700000E+00	4.000000E-02	1.514000E+02	-1.418780E+00	-1.445200E+00	4.079000E+00	6.721000E+00	2.046000E+00	2.029000E+00	1.836000E+00
3.000000E+00	4.000000E-02	1.496000E+02	-2.095262E+00	-2.122000E+00	4.670000E+00	7.342000E+00	2.264000E+00	2.218000E+00	1.877000E+00
3.300000E+00	4.000000E-02	1.474000E+02	-2.851763E+00	-2.878900E+00	5.348000E+00	8.062000E+00	2.493000E+00	2.588000E+00	2.073000E+00
3.600000E+00	4.000000E-02	1.447000E+02	-3.683757E+00	-3.711400E+00	6.131000E+00	8.895000E+00	2.734000E+00	2.965000E+00	2.239000E+00
3.900000E+00	4.000000E-02	1.415000E+02	-4.602131E+00	-4.630400E+00	7.015000E+00	9.841000E+00	2.986000E+00	3.339000E+00	2.354000E+00
4.200000E+00	4.000000E-02	1.379000E+02	-5.612593E+00	-5.641600E+00	8.000000E+00	1.090000E+01	3.248000E+00	3.743000E+00	2.430000E+00
4.500000E+00	4.000000E-02	1.335000E+02	-6.720037E+00	-6.750000E+00	9.099000E+00	1.209000E+01	3.522000E+00	4.228000E+00	2.484000E+00
4.800000E+00	4.000000E-02	1.284000E+02	-7.936047E+00	-7.967200E+00	1.034000E+01	1.345000E+01	3.814000E+00	4.876000E+00	2.527000E+00
5.000000E+00	4.000000E-02	1.242000E+02	-8.822794E+00	-8.855000E+00	1.127000E+01	1.449000E+01	4.025000E+00	5.477000E+00	2.555000E+00
5.100000E+00	4.000000E-02	1.219000E+02	-9.295886E+00	-9.328700E+00	1.177000E+01	1.505000E+01	4.137000E+00	5.861000E+00	2.570000E+00
5.300000E+00	4.000000E-02	1.166000E+02	-1.029499E+01	-1.032930E+01	1.289000E+01	1.632000E+01	4.381000E+00	6.908000E+00	2.602000E+00
5.500000E+00	4.000000E-02	1.098000E+02	-1.140657E+01	-1.144300E+01	1.422000E+01	1.786000E+01	4.666000E+00	8.634000E+00	2.642000E+00
6.000000E+00	4.000000E-02	8.030000E+01	-1.532019E+01	-1.537000E+01	1.946000E+01	2.444000E+01	5.805000E+00	1.788000E+01	2.823000E+00
2.128000E+00	5.000000E-02	1.531000E+02	-3.480456E-01	-3.807040E-01	2.690000E+00	5.302000E+00	1.443000E+00	1.005000E+01	9.739000E+00
2.137000E+00	5.000000E-02	1.532000E+02	-3.593559E-01	-3.919930E-01	2.790000E+00	5.401000E+00	1.489000E+00	1.284000E+01	1.223000E+01
2.139000E+00	5.000000E-02	1.532000E+02	-3.622799E-01	-3.949170E-01	2.820000E+00	5.430000E+00	1.503000E+00	7.736000E+00	7.608000E+00
2.148000E+00	5.000000E-02	1.533000E+02	-3.753802E-01	-4.079960E-01	2.872000E+00	5.482000E+00	1.527000E+00	4.778000E+00	4.771000E+00
2.238000E+00	5.000000E-02	1.532000E+02	-5.207289E-01	-5.533660E-01	3.155000E+00	5.767000E+00	1.657000E+00	2.535000E+00	2.506000E+00
2.400000E+00	5.000000E-02	1.527000E+02	-8.104561E-01	-8.432000E-01	3.508000E+00	6.128000E+00	1.813000E+00	2.049000E+00	1.961000E+00
2.700000E+00	5.000000E-02	1.514000E+02	-1.412175E+00	-1.445200E+00	4.079000E+00	6.721000E+00	2.046000E+00	2.029000E+00	1.836000E+00
3.000000E+00	5.000000E-02	1.496000E+02	-2.088578E+00	-2.122000E+00	4.670000E+00	7.342000E+00	2.264000E+00	2.218000E+00	1.877000E+00
3.300000E+00	5.000000E-02	1.474000E+02	-2.844979E+00	-2.878900E+00	5.348000E+00	8.062000E+00	2.493000E+00	2.588000E+00	2.073000E+00
3.600000E+00	5.000000E-02	1.447000E+02	-3.676846E+00	-3.711400E+00	6.131000E+00	8.895000E+00	2.734000E+00	2.965000E+00	2.239000E+00
3.900000E+00	5.000000E-02	1.415000E+02	-4.595064E+00	-4.630400E+00	7.015000E+00	9.841000E+00	2.986000E+00	3.339000E+00	2.354000E+00
4.200000E+00	5.000000E-02	1.379000E+02	-5.605342E+00	-5.641600E+00	8.000000E+00	1.090000E+01	3.248000E+00	3.743000E+00	2.430000E+00
4.500000E+00	5.000000E-02	1.335000E+02	-6.712547E+00	-6.750000E+00	9.099000E+00	1.209000E+01	3.522000E+00	4.228000E+00	2.484000E+00
4.800000E+00	5.000000E-02	1.284000E+02	-7.928259E+00	-7.967200E+00	1.034000E+01	1.345000E+01	3.814000E+00	4.876000E+00	2.527000E+00
5.000000E+00	5.000000E-02	1.242000E+02	-8.814742E+00	-8.855000E+00	1.127000E+01	1.449000E+01	4.025000E+00	5.477000E+00	2.555000E+00
5.100000E+00	5.000000E-02	1.219000E+02	-9.287683E+00	-9.328700E+00	1.177000E+01	1.505000E+01	4.137000E+00	5.861000E+00	2.570000E+00
5.300000E+00	5.000000E-02	1.166000E+02	-1.028642E+01	-1.032930E+01	1.289000E+01	1.632000E+01	4.381000E+00	6.908000E+00	2.602000E+00
5.500000E+00	5.000000E-02	1.098000E+02	-1.139746E+01	-1.144300E+01	1.422000E+01	1.786000E+01	4.666000E+00	8.634000E+00	2.642000E+00
6.000000E+00	5.000000E-02	8.030000E+01	-1.530773E+01	-1.537000E+01	1.946000E+01	2.444000E+01	5.805000E+00	1.788000E+01	2.823000E+00