2.177	0.098692327	146.3	2.934	3.003	1.583	8.304	8.276
2.1815	0.098692327	146.3	2.962	3.031	1.596	6.761	6.747
2.186	0.098692327	146.3	2.99	3.058	1.609	5.218	5.217
2.231	0.098692327	146.2	3.148	3.216	1.68	4.023	3.993
2.276	0.098692327	146	3.305	3.374	1.751	2.828	2.769
2.4	0.098692327	145.5	3.62	3.689	1.885	2.374	2.25
2.489	0.098692327	145.1	3.825	3.894	1.97	2.288	2.117
2.176	0.197384653	146.5	2.929	3.066	1.581	8.284	8.255
2.1805	0.197384653	146.5	2.957	3.094	1.594	6.745	6.73
2.185	0.197384653	146.5	2.985	3.121	1.607	5.205	5.204
2.23	0.197384653	146.4	3.142	3.279	1.678	4.012	3.983
2.275	0.197384653	146.3	3.299	3.436	1.748	2.819	2.761
2.4	0.197384653	145.7	3.615	3.752	1.883	2.363	2.241
2.7	0.197384653	143.9	4.3	4.439	2.153	2.345	2.045
2.881	0.197384653	142.4	4.731	4.872	2.308	2.467	2.032
2.175	0.394769307	146.9	2.92	3.192	1.577	8.247	8.214
2.1795	0.394769307	146.9	2.948	3.22	1.59	6.713	6.697
2.184	0.394769307	146.9	2.975	3.248	1.602	5.179	5.179
2.229	0.394769307	146.8	3.132	3.405	1.673	3.99	3.962
2.274	0.394769307	146.7	3.288	3.561	1.743	2.801	2.745
2.4	0.394769307	146.2	3.605	3.878	1.879	2.341	2.223
2.7	0.394769307	144.4	4.282	4.559	2.146	2.322	2.033
3	0.394769307	141.8	5.002	5.285	2.401	2.574	2.051
3.3	0.394769307	138.5	5.837	6.126	2.667	3.054	2.226
3.369	0.394769307	137.6	6.05	6.341	2.732	3.179	2.266
2.173	0.59215396	147.3	2.911	3.319	1.572	8.213	8.176
2.1775	0.59215396	147.3	2.939	3.347	1.585	6.684	6.665
2.182	0.59215396	147.3	2.966	3.374	1.597	5.154	5.154
2.227	0.59215396	147.2	3.122	3.53	1.667	3.969	3.942
2.272	0.59215396	147.1	3.277	3.685	1.737	2.783	2.729
2.4	0.59215396	146.6	3.595	4.005	1.874	2.321	2.206
2.7	0.59215396	144.8	4.265	4.679	2.139	2.3	2.021
3	0.59215396	142.3	4.975	5.397	2.391	2.547	2.04
3.3	0.59215396	139.1	5.797	6.228	2.655	3.014	2.216
3.6	0.59215396	135.1	6.77	7.215	2.941	3.579	2.372
3.71	0.59215396	133.3	7.17	7.62	3.052	3.822	2.418
2.171	0.789538613	147.7	2.903	3.445	1.568	8.18	8.139
2.1755	0.789538613	147.7	2.931	3.472	1.581	6.655	6.635
2.18	0.789538613	147.7	2.958	3.499	1.593	5.13	5.13
2.225	0.789538613	147.6	3.112	3.654	1.663	3.948	3.922
2.27	0.789538613	147.5	3.266	3.809	1.732	2.766	2.714
2.4	0.789538613	147	3.587	4.131	1.87	2.301	2.189
2.7	0.789538613	145.3	4.248	4.799	2.133	2.279	2.008
3	0.789538613	142.8	4.95	5.51	2.382	2.521	2.028
3.3	0.789538613	139.7	5.759	6.332	2.643	2.977	2.205
3.6	0.789538613	135.8	6.715	7.304	2.924	3.518	2.362
3.9	0.789538613	130.8	7.847	8.458	3.232	4.219	2.475
3.98	0.789538613	129.3	8.187	8.806	3.32	4.464	2.499
2.169	1	148.1	2.894	3.579	1.563	8.148	8.102
2.1735	1	148.1	2.922	3.606	1.576	6.627	6.604
2.178	1	148.1	2.949	3.633	1.588	5.105	5.105
2.223	1	148	3.103	3.787	1.658	3.927	3.902
2.268	1	147.9	3.256	3.941	1.727	2.749	2.699
2.4	1	147.4	3.578	4.265	1.866	2.281	2.172
2.7	1	145.7	4.232	4.927	2.126	2.258	1.995
3	1	143.4	4.923	5.63	2.372	2.494	2.016
3.3	1	140.3	5.721	6.443	2.63	2.94	2.195
3.6	1	136.6	6.659	7.401	2.908	3.46	2.352
3.9	1	131.8	7.763	8.532	3.209	4.109	2.465
4.2	1	125.5	9.096	9.904	3.548	5.145	2.546
4.222	1	124.9	9.208	10.02	3.575	5.255	2.552
2.167	1.18430792	148.4	2.887	3.696	1.559	8.12	8.07
2.1715	1.18430792	148.4	2.915	3.723	1.572	6.602	6.577
2.176	1.18430792	148.4	2.942	3.75	1.584	5.083	5.083
2.221	1.18430792	148.4	3.095	3.903	1.653	3.909	3.885
2.266	1.18430792	148.3	3.247	4.056	1.722	2.734	2.686
2.4	1.18430792	147.8	3.571	4.383	1.862	2.264	2.157
2.7	1.18430792	146.1	4.218	5.039	2.12	2.24	1.984
3	1.18430792	143.8	4.902	5.736	2.364	2.472	2.006
3.3	1.18430792	140.9	5.689	6.541	2.62	2.91	2.186
3.6	1.18430792	137.2	6.614	7.488	2.894	3.413	2.344
3.9	1.18430792	132.6	7.695	8.6	3.19	4.025	2.456
4.2	1.18430792	126.6	8.986	9.933	3.519	4.95	2.536
4.407	1.18430792	121.1	10.08	11.07	3.782	6.137	2.585
2.165	1.381692573	148.8	2.88	3.821	1.555	8.092	8.037
2.1695	1.381692573	148.8	2.907	3.848	1.567	6.576	6.549
2.174	1.381692573	148.8	2.934	3.875	1.579	5.06	5.06
2.219	1.381692573	148.8	3.086	4.028	1.648	3.889	3.866
2.264	1.381692573	148.7	3.238	4.18	1.717	2.718	2.672
2.4	1.381692573	148.2	3.564	4.508	1.858	2.246	2.142
2.7	1.381692573	146.6	4.204	5.16	2.114	2.221	1.972
3	1.381692573	144.3	4.88	5.85	2.356	2.45	1.996
3.3	1.381692573	141.4	5.657	6.647	2.609	2.879	2.177
3.6	1.381692573	137.8	6.567	7.583	2.88	3.367	2.335
3.9	1.381692573	133.4	7.627	8.676	3.171	3.945	2.447
4.2	1.381692573	127.8	8.878	9.974	3.492	4.777	2.526
4.5	1.381692573	119.8	10.45	11.62	3.87	6.468	2.594
4.584	1.381692573	116.8	11	12.2	3.997	7.436	2.615
2.163	1.579077227	149.2	2.873	3.946	1.55	8.064	8.004
2.1675	1.579077227	149.2	2.9	3.973	1.563	6.551	6.521
2.172	1.579077227	149.2	2.927	4	1.575	5.038	5.037
2.217	1.579077227	149.1	3.078	4.152	1.644	3.871	3.848
2.262	1.579077227	149	3.229	4.303	1.712	2.703	2.658
2.4	1.579077227	148.5	3.557	4.634	1.854	2.229	2.126
2.7	1.579077227	147	4.191	5.28	2.108	2.203	1.96
3	1.579077227	144.8	4.858	5.964	2.348	2.428	1.986
3.3	1.579077227	141.9	5.626	6.754	2.598	2.85	2.168
3.6	1.579077227	138.5	6.523	7.679	2.866	3.324	2.326
3.9	1.579077227	134.2	7.563	8.755	3.153	3.872	2.438
4.2	1.579077227	128.8	8.78	10.02	3.466	4.63	2.517
4.5	1.579077227	121.5	10.28	11.59	3.827	6.027	2.581
4.744	1.579077227	112.1	11.96	13.38	4.213	9.439	2.644
2.161	1.77646188	149.5	2.867	4.071	1.546	8.037	7.971
2.1655	1.77646188	149.6	2.894	4.098	1.559	6.526	6.493
2.17	1.77646188	149.6	2.921	4.124	1.571	5.015	5.015
2.215	1.77646188	149.5	3.071	4.275	1.639	3.852	3.83
2.26	1.77646188	149.4	3.221	4.426	1.707	2.688	2.645
2.4	1.77646188	148.9	3.551	4.76	1.851	2.212	2.111
2.7	1.77646188	147.4	4.179	5.4	2.102	2.186	1.949
3	1.77646188	145.2	4.838	6.078	2.34	2.407	1.975
3.3	1.77646188	142.4	5.597	6.861	2.588	2.823	2.159
3.6	1.77646188	139.1	6.481	7.776	2.853	3.283	2.318
3.9	1.77646188	134.9	7.503	8.837	3.136	3.807	2.43
4.2	1.77646188	129.8	8.69	10.08	3.442	4.504	2.508
4.5	1.77646188	122.9	10.12	11.59	3.789	5.696	2.57
4.8	1.77646188	112.2	12.09	13.69	4.24	9.19	2.641
4.891	1.77646188	106.7	12.98	14.67	4.442	13.04	2.675
2.161	1.973846533	149.5	2.867	4.071	1.546	8.037	7.971
2.1655	1.973846533	149.6	2.894	4.098	1.559	6.526	6.493
2.17	1.973846533	149.6	2.921	4.124	1.571	5.015	5.015
2.215	1.973846533	149.5	3.071	4.275	1.639	3.852	3.83
2.26	1.973846533	149.4	3.221	4.426	1.707	2.688	2.645
2.4	1.973846533	148.9	3.551	4.76	1.851	2.212	2.111
2.7	1.973846533	147.4	4.179	5.4	2.102	2.186	1.949
3	1.973846533	145.2	4.838	6.078	2.34	2.407	1.975
3.3	1.973846533	142.4	5.597	6.861	2.588	2.823	2.159
3.6	1.973846533	139.1	6.481	7.776	2.853	3.283	2.318
3.9	1.973846533	134.9	7.503	8.837	3.136	3.807	2.43
4.2	1.973846533	129.8	8.69	10.08	3.442	4.504	2.508
4.5	1.973846533	122.9	10.12	11.59	3.789	5.696	2.57
4.8	1.973846533	112.2	12.09	13.69	4.24	9.19	2.641
4.891	1.973846533	106.7	12.98	14.67	4.442	13.04	2.675
2.158	2.07253886	150.1	2.858	4.258	1.54	7.996	7.923
2.1625	2.07253886	150.1	2.885	4.285	1.553	6.489	6.452
2.167	2.07253886	150.1	2.912	4.311	1.565	4.982	4.981
2.212	2.07253886	150	3.061	4.461	1.633	3.824	3.803
2.257	2.07253886	149.9	3.21	4.61	1.7	2.666	2.625
2.4	2.07253886	149.5	3.542	4.947	1.845	2.187	2.089
2.7	2.07253886	148	4.161	5.581	2.094	2.161	1.932
3	2.07253886	145.9	4.81	6.25	2.328	2.377	1.961
3.3	2.07253886	143.2	5.555	7.022	2.574	2.784	2.146
3.6	2.07253886	139.9	6.422	7.923	2.835	3.228	2.306
3.9	2.07253886	136	7.419	8.963	3.112	3.719	2.418
4.2	2.07253886	131.1	8.566	10.17	3.409	4.345	2.495
4.5	2.07253886	124.9	9.923	11.6	3.739	5.323	2.554
4.8	2.07253886	115.9	11.66	13.47	4.14	7.516	2.615
5	2.07253886	105.6	13.4	15.39	4.53	13.15	2.678
5.09	2.07253886	95.5	14.9	17.1	4.869	31.97	2.74
2.156	2.269923513	150.4	2.853	4.382	1.536	7.969	7.891
2.1605	2.269923513	150.4	2.88	4.409	1.548	6.465	6.425
2.165	2.269923513	150.4	2.906	4.435	1.56	4.96	4.959
2.21	2.269923513	150.4	3.055	4.584	1.628	3.806	3.786
2.255	2.269923513	150.3	3.203	4.733	1.695	2.651	2.612
2.4	2.269923513	149.8	3.537	5.072	1.841	2.171	2.075
2.7	2.269923513	148.4	4.151	5.701	2.088	2.145	1.921
3	2.269923513	146.3	4.792	6.364	2.321	2.358	1.951
3.3	2.269923513	143.7	5.529	7.13	2.564	2.76	2.137
3.6	2.269923513	140.5	6.386	8.023	2.823	3.194	2.298
3.9	2.269923513	136.7	7.367	9.05	3.096	3.667	2.411
4.2	2.269923513	132	8.491	10.23	3.389	4.253	2.487
4.5	2.269923513	126.1	9.805	11.63	3.709	5.129	2.545
4.8	2.269923513	117.9	11.44	13.39	4.088	6.879	2.602
5	2.269923513	109.5	12.93	15.03	4.422	10.1	2.653
5.1	2.269923513	102.8	14.01	16.24	4.662	15.12	2.694
2.155	2.36861584	150.6	2.85	4.444	1.534	7.956	7.874
2.1595	2.36861584	150.6	2.877	4.471	1.546	6.453	6.411
2.164	2.36861584	150.6	2.904	4.497	1.558	4.949	4.948
2.209	2.36861584	150.6	3.052	4.646	1.626	3.797	3.777
2.254	2.36861584	150.5	3.199	4.794	1.693	2.644	2.606
2.4	2.36861584	150	3.535	5.135	1.84	2.164	2.068
2.7	2.36861584	148.6	4.145	5.761	2.086	2.138	1.915
3	2.36861584	146.5	4.783	6.421	2.317	2.349	1.947
3.3	2.36861584	143.9	5.517	7.184	2.559	2.748	2.133
3.6	2.36861584	140.8	6.368	8.073	2.817	3.177	2.295
3.9	2.36861584	137	7.342	9.094	3.089	3.642	2.407
4.2	2.36861584	132.4	8.455	10.27	3.379	4.211	2.483
4.5	2.36861584	126.6	9.751	11.65	3.695	5.044	2.541
4.8	2.36861584	118.8	11.34	13.37	4.065	6.632	2.596
5	2.36861584	111.1	12.75	14.91	4.38	9.257	2.643
5.1	2.36861584	105.3	13.7	15.98	4.591	12.6	2.677
2.153	2.566000493	151	2.846	4.568	1.53	7.929	7.842
2.1575	2.566000493	151	2.872	4.595	1.542	6.429	6.384
2.162	2.566000493	151	2.898	4.621	1.554	4.928	4.925
2.207	2.566000493	150.9	3.045	4.769	1.621	3.779	3.759
2.252	2.566000493	150.8	3.192	4.916	1.688	2.63	2.593
2.4	2.566000493	150.3	3.53	5.26	1.836	2.148	2.054
2.7	2.566000493	148.9	4.135	5.881	2.08	2.123	1.905
3	2.566000493	146.9	4.767	6.536	2.31	2.33	1.937
3.3	2.566000493	144.4	5.492	7.293	2.55	2.725	2.125
3.6	2.566000493	141.3	6.333	8.173	2.805	3.146	2.287
3.9	2.566000493	137.6	7.294	9.183	3.075	3.595	2.4
4.2	2.566000493	133.2	8.387	10.34	3.36	4.134	2.476
4.5	2.566000493	127.7	9.648	11.68	3.669	4.892	2.532
4.8	2.566000493	120.4	11.17	13.33	4.022	6.232	2.585
5	2.566000493	113.6	12.45	14.74	4.31	8.123	2.626
5.1	2.566000493	109	13.25	15.64	4.488	10.02	2.654
2.151	2.763385147	151.3	2.841	4.692	1.526	7.902	7.809
2.1555	2.763385147	151.3	2.868	4.718	1.538	6.404	6.356
2.16	2.763385147	151.3	2.894	4.744	1.55	4.906	4.903
2.205	2.763385147	151.3	3.04	4.891	1.617	3.761	3.742
2.25	2.763385147	151.2	3.186	5.038	1.684	2.616	2.58
2.4	2.763385147	150.7	3.526	5.384	1.833	2.133	2.04
2.7	2.763385147	149.3	4.126	6.001	2.075	2.108	1.894
3	2.763385147	147.3	4.751	6.651	2.303	2.313	1.928
3.3	2.763385147	144.8	5.469	7.402	2.541	2.703	2.117
3.6	2.763385147	141.8	6.301	8.275	2.794	3.116	2.28
3.9	2.763385147	138.2	7.248	9.274	3.061	3.551	2.393
4.2	2.763385147	133.9	8.322	10.41	3.342	4.063	2.469
4.5	2.763385147	128.6	9.553	11.73	3.644	4.761	2.525
4.8	2.763385147	121.8	11.02	13.31	3.985	5.92	2.574
5	2.763385147	115.7	12.21	14.63	4.253	7.383	2.612
5.1	2.763385147	111.8	12.92	15.43	4.411	8.659	2.635
2.149	2.9607698	151.6	2.837	4.815	1.522	7.875	7.776
2.1535	2.9607698	151.6	2.863	4.842	1.534	6.38	6.329
2.158	2.9607698	151.6	2.889	4.868	1.546	4.885	4.881
2.203	2.9607698	151.6	3.035	5.014	1.613	3.744	3.725
2.248	2.9607698	151.5	3.18	5.16	1.679	2.602	2.568
2.4	2.9607698	151	3.522	5.509	1.829	2.119	2.026
2.7	2.9607698	149.7	4.117	6.121	2.07	2.094	1.884
3	2.9607698	147.7	4.736	6.766	2.296	2.296	1.919
3.3	2.9607698	145.3	5.447	7.512	2.533	2.682	2.109
3.6	2.9607698	142.3	6.269	8.377	2.784	3.088	2.273
3.9	2.9607698	138.8	7.205	9.366	3.047	3.511	2.386
4.2	2.9607698	134.6	8.262	10.49	3.325	3.999	2.462
4.5	2.9607698	129.6	9.465	11.78	3.621	4.647	2.517
4.8	2.9607698	123.1	10.88	13.31	3.951	5.667	2.565
5	2.9607698	117.5	12	14.56	4.204	6.854	2.6
5.1	2.9607698	114.1	12.66	15.28	4.348	7.796	2.621
2.139	3.947693067	153.2	2.82	5.43	1.503	7.736	7.608
2.1435	3.947693067	153.3	2.846	5.456	1.515	6.257	6.19
2.148	3.947693067	153.3	2.872	5.482	1.527	4.778	4.771
2.193	3.947693067	153.3	3.014	5.625	1.592	3.657	3.639
2.238	3.947693067	153.2	3.155	5.767	1.657	2.535	2.506
2.4	3.947693067	152.7	3.508	6.128	1.813	2.049	1.961
2.7	3.947693067	151.4	4.079	6.721	2.046	2.029	1.836
3	3.947693067	149.6	4.67	7.342	2.264	2.218	1.877
3.3	3.947693067	147.4	5.348	8.062	2.493	2.588	2.073
3.6	3.947693067	144.7	6.131	8.895	2.734	2.965	2.239
3.9	3.947693067	141.5	7.015	9.841	2.986	3.339	2.354
4.2	3.947693067	137.9	8	10.9	3.248	3.743	2.43
4.5	3.947693067	133.5	9.099	12.09	3.522	4.228	2.484
4.8	3.947693067	128.4	10.34	13.45	3.814	4.876	2.527
5	3.947693067	124.2	11.27	14.49	4.025	5.477	2.555
5.1	3.947693067	121.9	11.77	15.05	4.137	5.861	2.57
2.218	4.934616334	154.8	2.81	6.041	1.484	7.59	7.434
2.1775	4.934616334	154.8	2.8355	6.066	1.496	6.1315	6.0475
2.137	4.934616334	154.8	2.861	6.091	1.508	4.673	4.661
2.2035	4.934616334	154.75	2.999	6.23	1.572	3.572	3.5535
2.27	4.934616334	154.7	3.137	6.369	1.636	2.471	2.446
2.4	4.934616334	154.2	3.5	6.743	1.798	1.985	1.9
2.7	4.934616334	153	4.051	7.318	2.024	1.973	1.792
3	4.934616334	151.4	4.617	7.92	2.235	2.151	1.839
3.3	4.934616334	149.3	5.269	8.617	2.457	2.508	2.039
3.6	4.934616334	146.8	6.018	9.424	2.69	2.864	2.208
3.9	4.934616334	143.9	6.861	10.33	2.933	3.206	2.325
4.2	4.934616334	140.6	7.793	11.35	3.183	3.558	2.402
4.5	4.934616334	136.8	8.819	12.47	3.442	3.955	2.455
4.8	4.934616334	132.4	9.953	13.73	3.712	4.44	2.497
5	4.934616334	129	10.78	14.66	3.901	4.846	2.523
5.1	4.934616334	127.1	11.22	15.15	4	5.084	2.535
2.093	7.895386134	158.9	2.811	7.845	1.433	7.124	6.892
2.0975	7.895386134	158.9	2.835	7.869	1.445	5.745	5.615
2.102	7.895386134	158.9	2.859	7.893	1.456	4.365	4.338
2.147	7.895386134	158.9	2.988	8.022	1.517	3.328	3.306
2.192	7.895386134	158.9	3.117	8.151	1.577	2.291	2.274
2.2	7.895386134	158.9	3.135	8.169	1.585	2.244	2.224
2.4	7.895386134	158.4	3.509	8.561	1.756	1.821	1.74
2.7	7.895386134	157.4	4.011	9.095	1.967	1.833	1.683
3	7.895386134	156	4.522	9.65	2.162	1.987	1.739
3.3	7.895386134	154.3	5.11	10.3	2.366	2.321	1.951
3.6	7.895386134	152.2	5.785	11.04	2.582	2.641	2.128
3.9	7.895386134	149.9	6.539	11.88	2.805	2.929	2.25
4.2	7.895386134	147.3	7.364	12.8	3.032	3.202	2.331
4.5	7.895386134	144.3	8.254	13.8	3.263	3.48	2.386
4.8	7.895386134	141	9.214	14.89	3.497	3.781	2.428
5	7.895386134	138.6	9.894	15.66	3.655	4.002	2.453
5.1	7.895386134	137.4	10.25	16.07	3.736	4.121	2.464
2.069	9.869232667	161.4	2.833	9.029	1.402	6.818	6.542
2.0735	9.869232667	161.4	2.856	9.052	1.413	5.494	5.337
2.078	9.869232667	161.4	2.879	9.074	1.424	4.17	4.132
2.123	9.869232667	161.4	3.002	9.198	1.482	3.176	3.15
2.168	9.869232667	161.4	3.125	9.321	1.54	2.181	2.168
2.2	9.869232667	161.4	3.191	9.388	1.571	2.026	2.003
2.4	9.869232667	160.8	3.536	9.753	1.73	1.73	1.652
2.7	9.869232667	159.9	4.013	10.27	1.934	1.757	1.622
3	9.869232667	158.7	4.496	10.8	2.121	1.9	1.683
3.3	9.869232667	157.1	5.051	11.42	2.317	2.225	1.901
3.6	9.869232667	155.3	5.69	12.13	2.524	2.53	2.082
3.9	9.869232667	153.2	6.402	12.93	2.737	2.798	2.207
4.2	9.869232667	150.8	7.177	13.81	2.954	3.045	2.29
4.5	9.869232667	148.2	8.01	14.76	3.172	3.287	2.348
4.8	9.869232667	145.4	8.901	15.78	3.392	3.539	2.391
5	9.869232667	143.3	9.527	16.51	3.54	3.718	2.416
5.1	9.869232667	142.2	9.851	16.88	3.615	3.812	2.428
2.043	11.8430792	163.7	2.867	10.2	1.372	6.543	6.222
2.0475	11.8430792	163.7	2.89	10.22	1.383	5.265	5.08
2.052	11.8430792	163.7	2.912	10.24	1.393	3.986	3.938
2.097	11.8430792	163.7	3.03	10.36	1.45	3.033	3.004
2.142	11.8430792	163.7	3.148	10.48	1.506	2.079	2.069
2.2	11.8430792	163.7	3.256	10.59	1.557	1.853	1.827
2.4	11.8430792	163.1	3.576	10.93	1.707	1.652	1.577
2.7	11.8430792	162.2	4.033	11.43	1.904	1.69	1.567
3	11.8430792	161.1	4.493	11.94	2.085	1.826	1.632
3.3	11.8430792	159.7	5.02	12.54	2.273	2.143	1.855
3.6	11.8430792	158	5.628	13.22	2.473	2.438	2.039
3.9	11.8430792	156.1	6.306	13.99	2.678	2.692	2.167
4.2	11.8430792	154	7.042	14.84	2.886	2.921	2.253
4.5	11.8430792	151.6	7.83	15.74	3.095	3.14	2.312
4.8	11.8430792	149	8.669	16.72	3.305	3.363	2.357
5	11.8430792	147.2	9.256	17.41	3.445	3.518	2.383
5.1	11.8430792	146.2	9.559	17.76	3.516	3.598	2.396
2.017	13.81692573	165.9	2.912	11.35	1.343	6.306	5.938
2.0215	13.81692573	165.9	2.934	11.37	1.354	5.06	4.847
2.026	13.81692573	165.9	2.956	11.39	1.364	3.814	3.755
2.071	13.81692573	165.9	3.069	11.505	1.418	2.899	2.866
2.116	13.81692573	165.9	3.181	11.62	1.472	1.984	1.976
2.2	13.81692573	165.8	3.328	11.77	1.543	1.713	1.685
2.4	13.81692573	165.3	3.624	12.09	1.684	1.605	1.533
2.7	13.81692573	164.4	4.067	12.58	1.878	1.629	1.517
3	13.81692573	163.4	4.507	13.08	2.052	1.76	1.587
3.3	13.81692573	162	5.01	13.65	2.235	2.071	1.813
3.6	13.81692573	160.5	5.592	14.32	2.427	2.358	2
3.9	13.81692573	158.8	6.24	15.06	2.626	2.602	2.13
4.2	13.81692573	156.8	6.944	15.87	2.827	2.818	2.218
4.5	13.81692573	154.6	7.696	16.75	3.028	3.022	2.279
4.8	13.81692573	152.3	8.493	17.69	3.23	3.225	2.326
5	13.81692573	150.6	9.05	18.35	3.364	3.364	2.353
5.1	13.81692573	149.7	9.336	18.69	3.432	3.435	2.366
1.99	15.79077227	167.9	2.966	12.5	1.316	6.103	5.683
1.9945	15.79077227	167.9	2.987	12.515	1.326	4.878	4.633
1.999	15.79077227	167.9	3.008	12.53	1.335	3.652	3.582
2.044	15.79077227	168	3.117	12.64	1.388	2.774	2.736
2.089	15.79077227	168	3.225	12.75	1.441	1.895	1.889
2.2	15.79077227	167.8	3.405	12.94	1.529	1.6	1.569
2.4	15.79077227	167.3	3.683	13.25	1.663	1.568	1.499
2.7	15.79077227	166.5	4.113	13.73	1.854	1.574	1.472
3	15.79077227	165.5	4.535	14.2	2.023	1.702	1.545
3.3	15.79077227	164.2	5.018	14.76	2.2	2.007	1.774
3.6	15.79077227	162.8	5.577	15.41	2.387	2.288	1.963
3.9	15.79077227	161.1	6.2	16.13	2.579	2.524	2.095
4.2	15.79077227	159.3	6.875	16.92	2.774	2.73	2.185
4.5	15.79077227	157.3	7.596	17.77	2.969	2.923	2.248
4.8	15.79077227	155.2	8.36	18.67	3.164	3.112	2.297
5	15.79077227	153.6	8.891	19.31	3.293	3.24	2.325
5.1	15.79077227	152.8	9.164	19.63	3.358	3.305	2.338
1.962	17.7646188	169.8	3.027	13.63	1.289	5.923	5.447
1.9665	17.7646188	169.9	3.048	13.645	1.299	4.711	4.432
1.971	17.7646188	169.9	3.068	13.66	1.308	3.498	3.417
2.016	17.7646188	169.9	3.172	13.765	1.359	2.654	2.612
2.061	17.7646188	169.9	3.276	13.87	1.41	1.81	1.806
2.2	17.7646188	169.7	3.488	14.09	1.515	1.506	1.473
2.4	17.7646188	169.2	3.749	14.39	1.643	1.536	1.47
2.7	17.7646188	168.4	4.169	14.86	1.832	1.525	1.431
3	17.7646188	167.4	4.575	15.33	1.997	1.65	1.507
3.3	17.7646188	166.3	5.04	15.87	2.168	1.95	1.737
3.6	17.7646188	164.9	5.578	16.49	2.35	2.225	1.928
3.9	17.7646188	163.4	6.179	17.2	2.537	2.454	2.062
4.2	17.7646188	1617	6.83	17.96	2.726	2.653	2.153
4.5	17.7646188	159.8	7.524	18.79	2.916	2.837	2.218
4.8	17.7646188	157.8	8.258	19.67	3.105	3.016	2.269
5	17.7646188	156.4	8.769	20.28	3.23	3.136	2.298
5.1	17.7646188	155.6	9.031	20.6	3.293	3.197	2.312
1.933	19.73846533	171.7	3.095	14.75	1.262	5.753	5.218
1.9375	19.73846533	171.7	3.115	14.765	1.272	4.553	4.239
1.942	19.73846533	171.7	3.135	14.78	1.281	3.352	3.26
1.987	19.73846533	171.8	3.235	14.88	1.331	2.541	2.494
2.032	19.73846533	171.8	3.335	14.98	1.38	1.73	1.727
2.2	19.73846533	171.5	3.575	15.24	1.502	1.429	1.394
2.4	19.73846533	171	3.822	15.52	1.624	1.511	1.447
2.7	19.73846533	170.2	4.233	15.99	1.811	1.48	1.393
3	19.73846533	169.3	4.625	16.44	1.972	1.602	1.471
3.3	19.73846533	168.2	5.074	16.97	2.139	1.898	1.703
3.6	19.73846533	166.9	5.594	17.58	2.316	2.167	1.895
3.9	19.73846533	165.5	6.175	18.26	2.499	2.392	2.03
4.2	19.73846533	163.9	6.804	19.01	2.683	2.585	2.123
4.5	19.73846533	162.1	7.475	19.81	2.867	2.762	2.19
4.8	19.73846533	160.2	8.183	20.67	3.051	2.933	2.242
5	19.73846533	158.9	8.676	21.26	3.173	3.047	2.273
5.1	19.73846533	158.2	8.928	21.57	3.234	3.105	2.287
1.903	21.71231187	173.4	3.169	15.86	1.237	5.574	4.984
1.9075	21.71231187	173.4	3.189	15.875	1.246	4.392	4.046
1.912	21.71231187	173.4	3.208	15.89	1.255	3.21	3.107
1.957	21.71231187	173.5	3.304	15.985	1.303	2.432	2.379
2.002	21.71231187	173.5	3.4	16.08	1.351	1.653	1.651
2.2	21.71231187	173.2	3.666	16.37	1.488	1.364	1.328
2.4	21.71231187	172.7	3.901	16.64	1.606	1.49	1.428
2.7	21.71231187	171.9	4.305	17.11	1.793	1.439	1.358
3	21.71231187	171	4.685	17.55	1.95	1.559	1.439
3.3	21.71231187	170	5.118	18.06	2.112	1.85	1.67
3.6	21.71231187	168.8	5.622	18.66	2.285	2.115	1.863
3.9	21.71231187	167.4	6.185	19.33	2.463	2.335	2
4.2	21.71231187	165.9	6.794	20.06	2.643	2.523	2.094
4.5	21.71231187	164.3	7.444	20.84	2.823	2.694	2.163
4.8	21.71231187	162.5	8.129	21.67	3.002	2.859	2.217
5	21.71231187	161.2	8.606	22.25	3.121	2.968	2.248
5.1	21.71231187	160.5	8.85	22.55	3.18	3.024	2.263
