1.00E-01	0.00E+00	145.1310551	-1.3950E-06	-1.3950E-06	-7.0611E-07	4.1740E-06	6.8889E-06	2.0597E-05	2.0597E-05	1.2056E-08
1.50E-01	0.00E+00	145.1303337	-2.0920E-06	-2.0920E-06	1.3748E-06	6.2610E-06	2.3112E-05	6.8827E-05	6.8827E-05	6.0230E-08
2.00E-01	0.00E+00	145.1270282	-3.9570E-06	-3.9570E-06	6.9196E-06	1.1810E-05	5.4383E-05	1.6143E-04	1.6143E-04	1.8736E-07
2.50E-01	0.00E+00	145.130932	-7.8590E-06	-7.8590E-06	1.8476E-05	2.3370E-05	1.0534E-04	3.1144E-04	3.1144E-04	4.4947E-07
3.00E-01	0.00E+00	145.1334397	-1.4890E-05	-1.4890E-05	3.9233E-05	4.4120E-05	1.8041E-04	5.3136E-04	5.3134E-04	9.1502E-07
3.50E-01	0.00E+00	145.1291291	-2.6370E-05	-2.6370E-05	7.2981E-05	7.7870E-05	2.8386E-04	8.3310E-04	8.3306E-04	1.6650E-06
4.00E-01	0.00E+00	145.1294654	-4.3820E-05	-4.3820E-05	1.2411E-04	1.2900E-04	4.1983E-04	1.2285E-03	1.2284E-03	2.8077E-06
4.50E-01	0.00E+00	145.1286285	-6.8970E-05	-6.8970E-05	1.9767E-04	2.0250E-04	5.9254E-04	1.7329E-03	1.7327E-03	4.6024E-06
5.00E-01	0.00E+00	145.1237809	-1.0380E-04	-1.0380E-04	2.9975E-04	3.0460E-04	8.0709E-04	2.3752E-03	2.3749E-03	7.9980E-06
5.50E-01	0.00E+00	145.120815	-1.5050E-04	-1.5050E-04	4.3877E-04	4.4360E-04	1.0714E-03	3.2242E-03	3.2200E-03	1.6099E-05
6.00E-01	0.00E+00	145.1221817	-2.1200E-04	-2.1200E-04	4.1902E-04	6.3310E-04	1.0517E-03	4.4304E-03	4.4293E-03	3.7035E-05
6.50E-01	0.00E+00	145.1141417	-2.9220E-04	-2.9220E-04	8.9249E-04	8.9740E-04	1.8226E-03	6.2771E-03	6.2754E-03	8.7917E-05
7.00E-01	0.00E+00	145.1182989	-3.9680E-04	-3.9670E-04	1.2739E-03	1.2780E-03	2.3865E-03	9.1759E-03	9.1734E-03	2.0034E-04
7.50E-01	0.00E+00	145.1156508	-5.3450E-04	-5.3450E-04	1.8392E-03	1.8440E-03	3.1649E-03	1.3113E-02	1.3830E-02	4.2196E-04
8.00E-01	0.00E+00	145.1122742	-7.1880E-04	-7.1880E-04	2.7000E-03	2.7050E-03	4.2735E-03	2.1063E-02	2.1058E-02	8.2922E-04
8.50E-01	0.00E+00	145.1088035	-9.6980E-04	-9.6970E-04	4.0042E-03	4.0080E-03	5.8517E-03	3.1764E-02	3.1759E-02	1.5119E-03
9.00E-01	0.00E+00	145.1094721	-1.3150E-03	-1.3150E-03	5.9120E-03	5.9660E-03	8.0300E-03	4.7605E-02	4.7598E-02	2.5897E-03
9.50E-01	0.00E+00	145.1062422	-1.7930E-03	-1.7930E-03	8.8755E-03	8.8780E-03	1.1230E-02	7.0011E-02	7.0005E-02	4.2309E-03
1.00E+00	0.00E+00	145.1040327	-2.4580E-03	-2.4580E-03	1.3104E-02	1.3110E-02	1.5562E-02	1.0505E-01	1.0504E-01	6.6085E-03
1.05E+00	0.00E+00	145.1075614	-3.3760E-03	-3.3750E-03	1.9155E-02	1.9160E-02	2.1457E-02	1.4650E-01	1.4650E-01	9.9664E-03
1.10E+00	0.00E+00	145.1041236	-4.6340E-03	-4.6340E-03	2.7500E-02	2.7540E-02	2.9213E-02	1.9817E-01	1.9816E-01	1.4502E-02
1.15E+00	0.00E+00	145.1038866	-6.3360E-03	-6.3350E-03	3.8831E-02	3.8830E-02	3.9275E-02	2.6074E-01	2.6074E-01	2.0455E-02
1.20E+00	0.00E+00	145.1088128	-8.6010E-03	-8.5990E-03	5.3428E-02	5.3440E-02	5.1689E-02	3.3524E-01	3.3523E-01	2.7846E-02
1.25E+00	0.00E+00	145.1154481	-1.1550E-02	-1.1550E-02	7.2088E-02	7.2100E-02	6.6910E-02	4.2129E-01	4.2128E-01	3.6943E-02
1.30E+00	0.00E+00	145.1217731	-1.5350E-02	-1.5340E-02	9.5493E-02	9.5430E-02	8.5256E-02	5.2646E-01	5.2642E-01	4.7917E-02
1.35E+00	0.00E+00	145.1289398	-2.0130E-02	-2.0130E-02	1.2398E-01	1.2400E-01	1.0675E-01	6.5761E-01	6.5752E-01	6.0726E-02
1.40E+00	0.00E+00	145.1378999	-2.6100E-02	-2.6100E-02	1.6011E-01	1.6020E-01	1.3301E-01	8.0938E-01	8.0923E-01	7.6541E-02
1.45E+00	0.00E+00	145.1570858	-3.3530E-02	-3.3530E-02	2.0544E-01	2.0540E-01	1.6481E-01	9.7047E-01	9.7015E-01	9.5903E-02
1.50E+00	0.00E+00	145.1678708	-4.2640E-02	-4.2650E-02	2.5849E-01	2.5840E-01	2.0076E-01	1.1339E+00	1.1334E+00	1.1765E-01
1.55E+00	0.00E+00	145.184136	-5.3640E-02	-5.3640E-02	3.1867E-01	3.1860E-01	2.4020E-01	1.3177E+00	1.3169E+00	1.4120E-01
1.60E+00	0.00E+00	145.2117809	-6.6730E-02	-6.6740E-02	3.8816E-01	3.8820E-01	2.8431E-01	1.5517E+00	1.5506E+00	1.6739E-01
1.65E+00	0.00E+00	145.2379751	-8.2180E-02	-8.2200E-02	4.7151E-01	4.7150E-01	3.3558E-01	1.8508E+00	1.8494E+00	1.9813E-01
1.70E+00	0.00E+00	145.2673318	-1.0040E-01	-1.0050E-01	5.7192E-01	5.7210E-01	3.9554E-01	2.1893E+00	2.1868E+00	2.3454E-01
1.75E+00	0.00E+00	145.3115984	-1.2190E-01	-1.2190E-01	6.9189E-01	6.9170E-01	4.6502E-01	2.5493E+00	2.5464E+00	2.7728E-01
1.80E+00	0.00E+00	145.3539277	-1.4700E-01	-1.4710E-01	8.2769E-01	8.2760E-01	5.4155E-01	2.9321E+00	2.9278E+00	3.2436E-01
1.85E+00	0.00E+00	145.4017348	-1.7610E-01	-1.7620E-01	9.8331E-01	9.8320E-01	6.2676E-01	3.3345E+00	3.3332E+00	3.7699E-01
1.90E+00	0.00E+00	145.4616319	-2.0970E-01	-2.1000E-01	1.1616E+00	1.1610E+00	7.2189E-01	3.8692E+00	3.8614E+00	4.3617E-01
1.95E+00	0.00E+00	145.5283742	-2.4830E-01	-2.4860E-01	1.3624E+00	1.3630E+00	8.2613E-01	4.5223E+00	4.5113E+00	5.0116E-01
2.00E+00	0.00E+00	145.6067953	-2.9250E-01	-2.9300E-01	1.6090E+00	1.6080E+00	9.5098E-01	5.2035E+00	5.1900E+00	5.8158E-01
2.05E+00	0.00E+00	145.696396	-3.4340E-01	-3.4400E-01	1.8946E+00	1.8910E+00	1.0920E+00	5.9223E+00	5.9009E+00	6.7397E-01
2.10E+00	0.00E+00	145.8027466	-4.0140E-01	-4.0230E-01	2.2004E+00	2.1970E+00	1.2394E+00	6.6768E+00	6.6428E+00	7.6967E-01
1.00E-01	2.50E+00	149.250934	-1.0790E-06	-1.0790E-06	-5.4688E-07	3.2360E-06	5.3212E-06	1.5930E-05	1.5930E-05	8.0033E-09
1.50E-01	2.50E+00	149.253583	-1.6190E-06	-1.6190E-06	1.0675E-06	4.8550E-06	1.7910E-05	5.3569E-05	5.3569E-05	4.0259E-08
2.00E-01	2.50E+00	149.2479417	-3.0670E-06	-3.0670E-06	5.3948E-06	9.1830E-06	4.2309E-05	1.2631E-05	1.2631E-04	1.2632E-07
2.50E-01	2.50E+00	149.2530971	-6.1100E-06	-6.1100E-06	1.4470E-05	1.8260E-05	8.2321E-05	2.4535E-04	2.4535E-04	3.0593E-07
3.00E-01	2.50E+00	149.2499364	-1.1620E-05	-1.1620E-05	3.0887E-05	3.4670E-05	1.4169E-04	4.2160E-04	4.2159E-04	6.2928E-07
3.50E-01	2.50E+00	149.2443216	-2.0660E-05	-2.0660E-05	5.7768E-05	6.1550E-05	2.2408E-04	6.6583E-04	6.6581E-04	1.1579E-06
4.00E-01	2.50E+00	149.2499748	-3.4480E-05	-3.4470E-05	9.8806E-05	1.0260E-04	3.3319E-04	9.8942E-04	9.8937E-04	1.9866E-06
4.50E-01	2.50E+00	149.2458035	-5.4490E-05	-5.4490E-05	1.5832E-04	1.6210E-04	4.7292E-04	1.4078E-03	1.4077E-03	3.4076E-06
5.00E-01	2.50E+00	149.2443784	-8.2370E-05	-8.2360E-05	2.4178E-04	2.4550E-04	6.4828E-04	1.9532E-03	1.9530E-03	6.5906E-06
5.50E-01	2.50E+00	149.2384796	-1.2010E-04	-1.2010E-04	3.5721E-04	3.6100E-04	8.6783E-04	2.7072E-03	2.7068E-03	1.5364E-05
6.00E-01	2.50E+00	149.2410658	-1.7020E-04	-1.7020E-04	5.1896E-04	5.2260E-04	1.1486E-03	3.8399E-03	3.8393E-03	3.9595E-05
6.50E-01	2.50E+00	149.2354617	-2.3660E-04	-2.3650E-04	7.5274E-04	7.5630E-04	1.5219E-03	5.6538E-03	5.6529E-03	9.9668E-05
7.00E-01	2.50E+00	149.2340885	-3.2490E-04	-3.2490E-04	1.1040E-03	1.1080E-03	2.0413E-03	8.6499E-03	8.6487E-03	2.3175E-04
7.50E-01	2.50E+00	149.2327651	-4.4460E-04	-4.4460E-04	1.6484E-03	1.6520E-03	2.7906E-03	1.3474E-02	1.3472E-02	4.9333E-04
8.00E-01	2.50E+00	149.228594	-6.0990E-04	-6.0980E-04	2.4974E-03	2.5010E-03	3.8840E-03	2.1080E-02	2.1079E-02	9.6188E-04
8.50E-01	2.50E+00	149.2338479	-8.4150E-04	-8.4140E-04	3.8209E-03	3.8240E-03	5.4850E-03	3.2527E-02	3.2527E-02	1.7490E-03
9.00E-01	2.50E+00	149.2270548	-1.7300E-03	-1.1700E-03	5.8370E-03	5.8410E-03	7.7855E-03	4.9215E-02	4.9215E-02	2.9821E-03
9.50E-01	2.50E+00	149.2313422	-1.6360E-03	-1.6360E-03	8.8539E-03	8.8550E-03	1.1042E-02	7.2512E-02	7.2512E-02	4.8331E-03
1.00E+00	2.50E+00	149.2309954	-2.2950E-03	-2.2940E-03	1.3237E-02	1.3240E-02	1.5531E-02	1.0894E-01	1.0893E-01	7.4837E-03
1.05E+00	2.50E+00	149.2368116	-3.2170E-03	-3.2160E-03	1.9514E-02	1.9520E-02	2.1648E-02	1.5146E-01	1.5145E-01	1.1203E-02
1.10E+00	2.50E+00	149.2435003	-4.4910E-03	-4.4910E-03	2.8197E-02	2.8200E-02	2.9716E-02	2.0459E-01	2.0456E-01	1.6193E-02
1.15E+00	2.50E+00	149.2505637	-6.2240E-03	-6.2240E-03	3.9786E-02	3.9790E-02	4.0009E-02	2.6939E-01	2.6933E-01	2.2617E-02
1.20E+00	2.50E+00	149.2580635	-8.5350E-03	-8.5350E-03	5.4880E-02	5.4900E-02	5.2846E-02	3.4568E-01	3.4559E-01	3.0663E-02
1.25E+00	2.50E+00	149.2745412	-1.1560E-02	-1.1560E-02	7.4246E-02	7.4240E-02	6.8645E-02	4.3542E-01	4.3523E-01	4.0595E-02
1.30E+00	2.50E+00	149.2913626	-1.5450E-02	-1.5450E-02	9.8190E-02	9.8190E-02	8.7415E-02	5.4351E-01	5.4326E-01	5.2354E-02
1.35E+00	2.50E+00	149.3115189	-2.0360E-02	-2.0370E-02	1.2787E-01	1.2790E-01	1.0981E-01	6.7836E-01	6.7786E-01	6.6378E-02
1.40E+00	2.50E+00	149.3403694	-2.6510E-02	-2.6510E-02	1.6500E-01	1.6510E-01	1.3679E-01	8.3389E-01	8.3311E-01	8.3380E-02
1.45E+00	2.50E+00	149.3670886	-3.4140E-02	-3.4150E-02	2.1174E-01	2.1180E-01	1.6958E-01	9.9701E-01	9.9588E-01	1.0428E-01
1.50E+00	2.50E+00	149.4121336	-4.3530E-02	-4.3550E-02	2.6611E-01	2.6610E-01	2.0644E-01	1.1643E+00	1.1626E+00	1.2758E-01
1.55E+00	2.50E+00	149.4504057	-5.4850E-02	-5.4880E-02	3.2778E-01	3.2780E-01	2.4688E-01	1.3516E+00	1.3493E+00	1.5284E-01
1.60E+00	2.50E+00	149.5082873	-6.8310E-02	-6.8360E-02	3.9914E-01	3.9930E-01	2.9219E-01	1.5936E+00	1.5905E+00	1.8100E-01
1.65E+00	2.50E+00	149.562982	-8.4190E-02	-8.4270E-02	4.8452E-01	4.8490E-01	3.4472E-01	1.8922E+00	1.8876E+00	2.1395E-01
1.70E+00	2.50E+00	149.6328464	-1.0290E-01	-1.0300E-01	5.8812E-01	5.8830E-01	4.0654E-01	2.2365E+00	2.2301E+00	2.5330E-01
1.75E+00	2.50E+00	149.7148225	-1.2490E-01	-1.2510E-01	7.0862E-01	7.0900E-01	4.7641E-01	2.6132E+00	2.6066E+00	2.9806E-01
1.80E+00	2.50E+00	149.8051241	-1.5070E-01	-1.5090E-01	8.4855E-01	8.4900E-01	5.5525E-01	3.0166E+00	3.0064E+00	3.4894E-01
1.85E+00	2.50E+00	149.9114348	-1.8060E-01	-1.8100E-01	1.0098E+00	1.0100E+00	6.4369E-01	3.4515E+00	3.4363E+00	4.0648E-01
1.90E+00	2.50E+00	150.031862	-2.1520E-01	-2.1570E-01	1.1939E+00	1.1940E+00	7.4187E-01	3.9880E+00	3.9637E+00	4.7078E-01
1.95E+00	2.50E+00	153.7254178	-2.5490E-01	-2.5570E-01	1.4009E+00	1.4020E+00	8.4953E-01	4.6510E+00	4.6182E+00	5.4155E-01
2.00E+00	2.50E+00	150.3312313	-3.0040E-01	-3.0150E-01	1.6527E+00	1.6540E+00	9.7708E-01	5.3463E+00	5.3031E+00	6.2796E-01
2.05E+00	2.50E+00	150.5113597	-3.5270E-01	-3.5420E-01	1.9467E+00	1.9450E+00	1.1224E+00	6.1268E+00	6.0686E+00	7.2845E-01
2.10E+00	2.50E+00	150.7346316	-4.1240E-01	-4.1450E-01	2.2603E+00	2.2620E+00	1.2737E+00	6.8762E+00	6.8086E+00	8.3239E-01
1.00E-01	5.00E+00	152.8365511	-8.7440E-07	-8.7440E-07	-4.4367E-07	2.6180E-06	4.3073E-06	1.2912E-05	1.2912E-05	5.7235E-09
1.50E-01	5.00E+00	152.8346947	-1.3120E-06	-1.3120E-06	8.6630E-07	3.9270E-06	1.4522E-05	4.3498E-05	4.3498E-05	2.8892E-08
2.00E-01	5.00E+00	152.8326746	-2.4870E-06	-2.4870E-06	4.3888E-06	7.4490E-06	3.4379E-05	1.0296E-04	1.0296E-04	9.1080E-08
2.50E-01	5.00E+00	152.8335062	-4.9630E-06	-4.9630E-06	1.1803E-05	1.4860E-05	6.7062E-05	2.0076E-04	2.0075E-04	2.2181E-07
3.00E-01	5.00E+00	152.8346697	-9.4600E-06	-9.4600E-06	2.5262E-05	2.8320E-05	1.1574E-04	3.4640E-04	3.4639E-04	4.5896E-07
3.50E-01	5.00E+00	152.8376584	-1.6860E-05	-1.6860E-05	4.7400E-05	5.0460E-05	1.8360E-04	5.4949E-04	5.4948E-04	8.5123E-07
4.00E-01	5.00E+00	152.8371408	-2.8190E-05	-2.8190E-05	8.1362E-05	8.4400E-05	2.7388E-04	8.2064E-04	8.2061E-04	1.4927E-06
4.50E-01	5.00E+00	152.8277309	-4.4680E-05	-4.4680E-05	1.3092E-04	1.3390E-04	3.9022E-04	1.1761E-03	1.1760E-03	2.7637E-06
5.00E-01	5.00E+00	152.8254039	-6.7740E-05	-6.7740E-05	2.0113E-04	2.0410E-04	5.3774E-04	1.6558E-03	1.6557E-03	6.2699E-06
5.50E-01	5.00E+00	152.8266698	-9.9160E-05	-9.9150E-05	3.0033E-04	3.0320E-04	7.2633E-04	2.3571E-03	2.3569E-03	1.7158E-05
6.00E-01	5.00E+00	152.8207678	-1.4140E-04	-1.4140E-04	4.4412E-04	4.4700E-04	9.7586E-04	3.4844E-03	3.4840E-03	4.8267E-05
6.50E-01	5.00E+00	152.8262776	-1.9850E-04	-1.9840E-04	6.6207E-04	6.6480E-04	1.3238E-03	5.3997E-03	5.3993E-03	1.2543E-04
7.00E-01	5.00E+00	152.8143101	-2.7660E-04	-2.7660E-04	1.0064E-03	1.0090E-03	1.8328E-03	8.6468E-03	8.6463E-03	2.9350E-04
7.50E-01	5.00E+00	152.8164582	-3.8610E-04	-3.8600E-04	1.5619E-03	1.5650E-03	2.5972E-03	1.4016E-02	1.4016E-02	6.1975E-04
8.00E-01	5.00E+00	152.8157281	-5.4290E-04	-5.4290E-04	2.4587E-03	2.4610E-03	3.7520E-03	2.2425E-02	2.2425E-02	1.2004E-03
8.50E-01	5.00E+00	152.8195838	-7.7070E-04	-7.7060E-04	3.8744E-03	3.8770E-03	5.4647E-03	3.5068E-02	3.5068E-02	2.1528E-03
9.00E-01	5.00E+00	152.817503	-1.1030E-03	-1.1020E-03	6.0566E-03	6.0590E-03	7.9540E-03	5.3157E-02	5.3154E-02	3.6291E-03
9.50E-01	5.00E+00	152.8211326	-1.5830E-03	-1.5830E-03	9.3040E-03	9.3060E-03	1.1460E-02	7.8033E-02	7.8023E-02	5.7920E-03
1.00E+00	5.00E+00	152.8245967	-2.2700E-03	-2.2700E-03	1.4006E-02	1.4010E-02	1.6276E-02	1.1567E-01	1.1564E-01	8.8402E-03
1.05E+00	5.00E+00	152.8349723	-3.2380E-03	-3.2380E-03	2.0655E-02	2.0660E-02	2.2755E-02	1.5922E-01	1.5916E-01	1.3016E-02
1.10E+00	5.00E+00	152.8545219	-4.5790E-03	-4.5790E-03	2.9766E-02	2.9770E-02	3.1223E-02	2.1352E-01	2.1342E-01	1.8532E-02
1.15E+00	5.00E+00	152.8611209	-6.3970E-03	-6.3980E-03	4.1781E-02	4.1790E-02	4.1895E-02	2.8064E-01	2.8047E-01	2.5497E-02
1.20E+00	5.00E+00	152.8836041	-8.8120E-03	-8.8130E-03	5.7464E-02	5.7510E-02	5.5231E-02	3.5884E-01	3.5856E-01	3.4228E-02
1.25E+00	5.00E+00	152.9085627	-1.1980E-02	-1.1980E-02	7.7719E-02	7.7680E-02	7.1759E-02	4.5289E-01	4.5245E-01	4.5091E-02
1.30E+00	5.00E+00	152.9383196	-1.6040E-02	-1.6040E-02	1.0232E-01	1.0240E-01	9.1048E-02	5.6578E-01	5.6513E-01	5.7652E-02
1.35E+00	5.00E+00	152.9720998	-2.1150E-02	-2.1160E-02	1.3350E-01	1.3350E-01	1.1456E-01	7.0490E-01	7.0383E-01	7.3046E-02
1.40E+00	5.00E+00	153.0187256	-2.7570E-02	-2.7580E-02	1.7210E-01	1.7230E-01	1.4263E-01	8.6541E-01	8.6374E-01	9.1479E-02
1.45E+00	5.00E+00	153.0723315	-3.5510E-02	-3.5530E-02	2.2041E-01	2.2050E-01	1.7651E-01	1.0317E+00	1.0293E+00	1.1392E-01
1.50E+00	5.00E+00	153.1256744	-4.5290E-02	-4.5340E-02	2.7659E-01	2.7670E-01	2.1462E-01	1.2038E+00	1.2003E+00	1.3901E-01
1.55E+00	5.00E+00	153.1949458	-5.7040E-02	-5.7110E-02	3.4039E-01	3.4060E-01	2.5645E-01	1.3988E+00	1.3938E+00	1.6620E-01
1.60E+00	5.00E+00	153.2739761	-7.1020E-02	-7.1130E-02	4.1417E-01	4.1450E-01	3.0331E-01	1.6493E+00	1.6423E+00	1.9655E-01
1.65E+00	5.00E+00	153.3723835	-8.7490E-02	-8.7650E-02	5.0272E-01	5.0340E-01	3.5780E-01	1.9498E+00	1.9400E+00	2.3218E-01
1.70E+00	5.00E+00	153.4763448	-1.0690E-01	-1.0720E-01	6.0962E-01	6.1000E-01	4.2166E-01	2.3026E+00	2.2891E+00	2.7457E-01
1.75E+00	5.00E+00	153.5985084	-1.2980E-01	-1.3010E-01	7.3213E-01	7.3310E-01	4.9270E-01	2.7012E+00	2.6840E+00	3.2180E-01
1.80E+00	5.00E+00	153.7443298	-1.5640E-01	-1.5680E-01	8.7726E-01	8.7850E-01	5.7448E-01	3.1371E+00	3.1132E+00	3.7697E-01
1.85E+00	5.00E+00	153.9060726	-1.8730E-01	-1.8800E-01	1.0465E+00	1.0480E+00	6.6728E-01	3.6075E+00	3.5720E+00	4.4034E-01
1.90E+00	5.00E+00	154.0902776	-2.2320E-01	-2.2410E-01	1.2390E+00	1.2400E+00	7.7007E-01	4.1612E+00	4.1114E+00	5.1109E-01
1.95E+00	5.00E+00	154.3061429	-2.6440E-01	-2.6570E-01	1.4550E+00	1.4580E+00	8.8240E-01	4.8294E+00	4.7604E+00	5.8881E-01
2.00E+00	5.00E+00	154.5525109	-3.1160E-01	-3.1340E-01	1.7156E+00	1.7190E+00	1.0145E+00	5.5206E+00	5.4286E+00	6.8281E-01
2.05E+00	5.00E+00	154.8351246	-3.6600E-01	-3.6840E-01	2.0184E+00	2.0200E+00	1.1643E+00	6.3100E+00	6.1916E+00	7.9181E-01
1.00E-01	7.50E+00	156.0285827	-7.3140E-07	-7.3140E-07	-3.7127E-07	2.1900E-06	3.6013E-06	1.0798E-05	1.0798E-05	4.3103E-09
1.50E-01	7.50E+00	156.0266116	-1.0970E-06	-1.0970E-06	7.2595E-07	3.2850E-06	1.2153E-05	3.6449E-05	3.6449E-05	2.1795E-08
2.00E-01	7.50E+00	156.0322805	-2.0820E-06	-2.0820E-06	3.6796E-06	6.2380E-06	2.8808E-05	8.6430E-05	8.6429E-05	6.8896E-08
2.50E-01	7.50E+00	156.0242395	-4.1580E-06	-4.1580E-06	9.9108E-06	1.2470E-05	5.6275E-05	1.6891E-04	1.6891E-04	1.6832E-07
3.00E-01	7.50E+00	156.022425	-7.9350E-06	-7.9350E-06	2.1251E-05	2.3810E-05	9.7286E-05	2.9216E-04	2.9216E-04	3.4961E-07
3.50E-01	7.50E+00	156.0236998	-1.4160E-05	-1.4160E-05	3.9950E-05	4.2500E-05	1.5460E-04	4.6471E-04	4.6471E-04	6.5317E-07
4.00E-01	7.50E+00	156.0199257	-2.3720E-05	-2.3710E-05	6.8730E-05	7.1260E-05	2.3110E-04	6.9655E-04	6.9653E-04	1.1844E-06
4.50E-01	7.50E+00	156.0199651	-3.7650E-05	-3.7650E-05	1.1095E-04	1.1340E-04	3.3023E-04	1.0059E-03	1.0058E-03	2.4643E-06
5.00E-01	7.50E+00	156.0167459	-5.7210E-05	-5.7210E-05	1.7152E-04	1.7390E-04	4.5745E-04	1.4404E-03	1.4403E-03	6.7121E-06
5.50E-01	7.50E+00	156.016876	-8.4070E-05	-8.4070E-05	2.5925E-04	2.6160E-04	6.2421E-04	2.1212E-03	2.1210E-03	2.0858E-05
6.00E-01	7.50E+00	156.0111639	-1.2070E-04	-1.2070E-04	3.9200E-04	3.9430E-04	8.5450E-04	3.2900E-03	3.2928E-03	6.1627E-05
6.50E-01	7.50E+00	156.0123839	-1.7140E-04	-1.7140E-04	6.0379E-04	6.0600E-04	1.1926E-03	5.3745E-03	5.3742E-03	1.6150E-04
7.00E-01	7.50E+00	156.0086352	-2.4310E-04	-2.4310E-04	9.5516E-04	9.5730E-04	1.7118E-03	9.0032E-03	9.0030E-03	3.7521E-04
7.50E-01	7.50E+00	156.0042318	-3.4750E-04	-3.4750E-04	1.5439E-03	1.5460E-03	2.5218E-03	1.5026E-02	1.5026E-02	7.8453E-04
8.00E-01	7.50E+00	156.0114758	-5.0280E-04	-5.0270E-04	2.5139E-03	2.5160E-03	3.7708E-03	2.4426E-02	2.4426E-02	1.4988E-03
8.50E-01	7.50E+00	156.0134218	-7.3510E-04	-7.3500E-04	4.0625E-03	4.0650E-03	5.6441E-03	3.8410E-02	3.8408E-02	2.6524E-03
9.00E-01	7.50E+00	156.0196003	-1.0810E-03	-1.0810E-03	6.4525E-03	6.4550E-03	8.3705E-03	5.8252E-02	5.8245E-02	4.4081E-03
9.50E-01	7.50E+00	156.0331673	-1.5910E-03	-1.5910E-03	1.0006E-02	1.0010E-02	1.2207E-02	8.5181E-02	8.5160E-02	6.9466E-03
1.00E+00	7.50E+00	156.0397554	-2.3250E-03	-2.3250E-03	1.5113E-02	1.5120E-02	1.7438E-02	1.2423E-01	1.2418E-01	1.0464E-02
1.05E+00	7.50E+00	156.0453318	-3.3640E-03	-3.3640E-03	2.2238E-02	2.2250E-02	2.4383E-02	1.6929E-01	1.6919E-01	1.5177E-02
1.10E+00	7.50E+00	156.07257	-4.7970E-03	-4.7980E-03	3.1876E-02	3.1880E-02	3.3340E-02	2.2518E-01	2.2498E-01	2.1276E-02
1.15E+00	7.50E+00	156.0939337	-6.7350E-03	-6.7360E-03	4.4510E-02	4.4520E-02	4.4562E-02	2.9408E-01	2.9375E-01	2.8914E-02
1.20E+00	7.50E+00	156.1235911	-9.2980E-03	-9.3010E-03	6.0927E-02	6.0970E-02	5.8523E-02	3.7496E-01	3.7445E-01	3.8417E-02
1.25E+00	7.50E+00	156.1578811	-1.2640E-02	-1.2650E-02	8.2000E-02	8.1970E-02	7.5720E-02	4.7325E-01	4.7252E-01	5.0139E-02
1.30E+00	7.50E+00	156.1981527	-1.6920E-02	-1.6930E-02	1.0771E-01	1.0780E-01	9.5878E-02	5.9192E-01	5.9076E-01	6.3769E-02
1.35E+00	7.50E+00	156.2445675	-2.2300E-02	-2.2320E-02	1.4040E-01	1.4040E-01	1.2053E-01	7.3720E-01	7.3540E-01	8.0534E-02
1.40E+00	7.50E+00	156.3177254	-2.9060E-02	-2.9080E-02	1.8085E-01	1.8110E-01	1.4995E-01	9.0353E-01	9.0075E-01	1.0059E-01
1.45E+00	7.50E+00	156.3817002	-3.7400E-02	-3.7450E-02	2.3110E-01	2.3120E-01	1.8521E-01	1.0766E+00	1.0725E+00	1.2481E-01
1.50E+00	7.50E+00	156.4581962	-4.7660E-02	-4.7720E-02	2.8962E-01	2.8980E-01	2.2489E-01	1.2567E+00	1.2508E+00	1.5190E-01
1.55E+00	7.50E+00	156.5533579	-5.9950E-02	-6.0060E-02	3.5641E-01	3.5670E-01	2.6869E-01	1.4612E+00	1.4525E+00	1.8151E-01
1.60E+00	7.50E+00	156.6646464	-7.4600E-02	-7.4760E-02	4.3351E-01	4.3410E-01	3.1767E-01	1.7230E+00	1.7105E+00	2.1449E-01
1.65E+00	7.50E+00	156.7867583	-9.1840E-02	-9.2080E-02	5.2588E-01	5.2680E-01	3.7452E-01	2.0351E+00	2.0176E+00	2.5314E-01
1.70E+00	7.50E+00	156.9327942	-1.1220E-01	-1.1260E-01	6.3747E-01	6.3820E-01	4.4122E-01	2.4026E+00	2.3776E+00	2.9923E-01
1.75E+00	7.50E+00	157.0947681	-1.3610E-01	-1.3660E-01	7.6512E-01	7.6670E-01	5.1527E-01	2.8223E+00	2.7871E+00	3.5054E-01
1.80E+00	7.50E+00	157.282381	-1.6390E-01	-1.6460E-01	9.1652E-01	9.1850E-01	6.0062E-01	3.2816E+00	3.2333E+00	4.1058E-01
1.85E+00	7.50E+00	157.5013537	-1.9630E-01	-1.9730E-01	1.0940E+00	1.0960E+00	6.9801E-01	3.7832E+00	3.7195E+00	4.8018E-01
1.90E+00	7.50E+00	157.7509234	-2.3390E-01	-2.3530E-01	1.2954E+00	1.2980E+00	8.0561E-01	4.3727E+00	4.2858E+00	5.5774E-01
1.95E+00	7.50E+00	158.0361581	-2.7710E-01	-2.7890E-01	1.5230E+00	1.5280E+00	9.2403E-01	5.0766E+00	4.9550E+00	6.4384E-01
2.00E+00	7.50E+00	158.3590648	-3.2650E-01	-3.2910E-01	1.7969E+00	1.8030E+00	1.0630E+00	5.8063E+00	5.6327E+00	7.4811E-01
1.00E-01	1.00E+01	158.9180853	-6.2640E-07	-6.2640E-07	-3.1805E-07	1.8740E-06	3.0835E-06	9.2471E-06	9.2471E-06	3.3718E-09
1.50E-01	1.00E+01	158.9180001	-9.3960E-07	-9.3960E-07	6.2205E-07	2.8110E-06	1.0411E-05	3.1241E-05	3.1241E-05	1.7061E-08
2.00E-01	1.00E+01	158.9200096	-1.7840E-06	-1.7840E-06	3.1554E-06	5.3430E-06	2.4697E-05	7.4178E-05	7.4178E-05	5.4019E-08
2.50E-01	1.00E+01	158.9200635	-3.5640E-06	-3.5640E-06	8.5080E-06	1.0690E-05	4.8288E-05	1.4516E-04	1.4516E-04	1.3223E-07
3.00E-01	1.00E+01	158.9177411	-6.8070E-06	-6.8070E-06	1.8262E-05	2.0450E-05	8.3563E-05	2.5148E-04	2.5148E-04	2.7535E-07
3.50E-01	1.00E+01	158.9149826	-1.2160E-05	-1.2160E-05	3.4373E-05	3.6550E-05	1.3295E-04	4.0071E-04	4.0070E-04	5.1907E-07
4.00E-01	1.00E+01	158.9122648	-2.0380E-05	-2.0380E-05	5.9232E-05	6.1380E-05	1.9903E-04	6.0240E-04	6.0239E-04	9.9105E-07
4.50E-01	1.00E+01	158.9104994	-3.2390E-05	-3.2390E-05	9.5905E-05	9.7990E-05	2.8510E-04	8.7707E-04	8.7705E-04	2.4011E-06
5.00E-01	1.00E+01	158.9051019	-4.9330E-05	-4.9330E-05	1.4925E-04	1.5130E-04	3.9716E-04	1.2826E-03	1.2825E-03	7.7304E-06
5.50E-01	1.00E+01	158.9076923	-7.2790E-05	-7.2790E-05	2.2893E-04	2.3090E-04	5.4858E-04	1.9642E-03	1.9642E-03	2.6000E-05
6.00E-01	1.00E+01	158.9009585	-1.0540E-04	-1.0540E-04	3.5525E-04	3.5720E-04	7.6775E-04	3.2150E-03	3.2148E-03	7.8250E-05
6.50E-01	1.00E+01	158.9007663	-1.5170E-04	-1.5170E-04	5.6785E-04	5.6960E-04	1.1070E-03	5.5072E-03	5.5071E-03	2.0487E-04
7.00E-01	1.00E+01	158.9027993	-2.1960E-04	-2.1960E-04	9.3505E-04	9.3680E-04	1.6495E-03	9.5489E-03	9.5489E-03	4.7047E-04
7.50E-01	1.00E+01	158.9059442	-3.2220E-04	-3.2210E-04	1.5673E-03	1.5690E-03	2.5192E-03	1.6267E-02	1.6267E-02	9.7070E-04
8.00E-01	1.00E+01	158.9106206	-4.7970E-04	-4.7970E-04	2.6246E-03	2.6260E-03	3.8804E-03	2.6777E-02	2.6776E-02	1.8304E-03
8.50E-01	1.00E+01	158.9130842	-7.2190E-04	-7.2180E-04	4.3272E-03	4.3290E-03	5.9400E-03	4.2238E-02	4.2234E-02	3.2054E-03
9.00E-01	1.00E+01	158.9233837	-1.0900E-03	-1.0900E-03	6.9499E-03	6.9530E-03	8.9332E-03	6.3842E-02	6.3830E-02	5.2665E-03
9.50E-01	1.00E+01	158.938299	-1.6350E-03	-1.6350E-03	1.0836E-02	1.0840E-02	1.3127E-02	9.2970E-02	9.2937E-02	8.2057E-03
1.00E+00	1.00E+01	158.9500368	-2.4280E-03	-2.4280E-03	1.6387E-02	1.6390E-02	1.8815E-02	1.3401E-01	1.3393E-01	1.2229E-02
1.05E+00	1.00E+01	158.9671897	-3.5480E-03	-3.5490E-03	2.4045E-02	2.4060E-02	2.6280E-02	1.8132E-01	1.8117E-01	1.7525E-02
1.10E+00	1.00E+01	158.9911199	-5.0920E-03	-5.0930E-03	3.4351E-02	3.4360E-02	3.5858E-02	2.3954E-01	2.3926E-01	2.4324E-02
1.15E+00	1.00E+01	159.0259542	-7.1740E-03	-7.1760E-03	4.7766E-02	4.7790E-02	4.7776E-02	3.0987E-01	3.0938E-01	3.2750E-02
1.20E+00	1.00E+01	159.059936	-9.9180E-03	-9.9220E-03	6.5086E-02	6.5110E-02	6.2507E-02	3.9393E-01	3.9314E-01	4.3146E-02
1.25E+00	1.00E+01	159.1050353	-1.3480E-02	-1.3490E-02	8.6908E-02	8.6940E-02	8.0318E-02	4.9659E-01	4.9550E-01	5.5667E-02
1.30E+00	1.00E+01	159.1639644	-1.8010E-02	-1.8020E-02	1.1413E-01	1.1420E-01	1.0165E-01	6.2176E-01	6.1995E-01	7.0619E-02
1.35E+00	1.00E+01	159.2244815	-2.3720E-02	-2.3740E-02	1.4841E-01	1.4850E-01	1.2752E-01	7.7472E-01	7.7206E-01	8.8818E-02
1.40E+00	1.00E+01	159.2970726	-3.0840E-02	-3.0880E-02	1.9099E-01	1.9120E-01	1.5848E-01	9.4808E-01	9.4394E-01	1.1068E-01
1.45E+00	1.00E+01	159.3864134	-3.9660E-02	-3.9720E-02	2.4358E-01	2.4380E-01	1.9538E-01	1.1305E+00	1.1243E+00	1.3690E-01
1.50E+00	1.00E+01	159.4890292	-5.0460E-02	-5.0560E-02	3.0499E-01	3.0530E-01	2.3703E-01	1.3219E+00	1.3128E+00	1.6635E-01
1.55E+00	1.00E+01	159.6074484	-6.3440E-02	-6.3590E-02	3.7529E-01	3.7580E-01	2.8315E-01	1.5398E+00	1.5265E+00	1.9870E-01
1.60E+00	1.00E+01	159.7429131	-7.8880E-02	-7.9100E-02	4.5676E-01	4.5750E-01	3.3491E-01	1.8176E+00	1.7982E+00	2.3494E-01
1.65E+00	1.00E+01	159.8918139	-9.7080E-02	-9.7400E-02	5.5404E-01	5.5530E-01	3.9481E-01	2.1504E+00	2.1222E+00	2.7730E-01
1.70E+00	1.00E+01	160.0731819	-1.1850E-01	-1.1900E-01	6.7187E-01	6.7310E-01	4.6522E-01	2.5393E+00	2.4987E+00	3.2795E-01
1.75E+00	1.00E+01	160.2801674	-1.4370E-01	-1.4440E-01	8.0729E-01	8.0940E-01	5.4382E-01	2.9704E+00	2.9109E+00	3.8477E-01
1.80E+00	1.00E+01	160.5109667	-1.7310E-01	-1.7400E-01	9.6691E-01	9.6940E-01	6.3384E-01	3.4480E+00	3.3655E+00	4.5091E-01
1.85E+00	1.00E+01	160.7802133	-2.0730E-01	-2.0860E-01	1.1509E+00	1.1540E+00	7.3486E-01	3.9865E+00	3.8858E+00	5.2601E-01
1.90E+00	1.00E+01	161.0880507	-2.4680E-01	-2.4860E-01	1.3637E+00	1.3680E+00	8.4859E-01	4.6478E+00	4.5065E+00	6.1192E-01
1.95E+00	1.00E+01	161.4454772	-2.9230E-01	-2.9480E-01	1.6068E+00	1.6130E+00	9.7517E-01	5.4595E+00	5.2460E+00	7.0897E-01
2.00E+00	1.00E+01	161.8511766	-3.4460E-01	-3.4790E-01	1.9025E+00	1.9110E+00	1.1252E+00	6.3029E+00	5.9711E+00	8.2823E-01
1.00E-01	1.25E+01	161.5724544	-5.4630E-07	-5.4630E-07	-2.7745E-07	1.6330E-06	2.6885E-06	8.0639E-06	8.0639E-06	2.7155E-09
1.50E-01	1.25E+01	161.5793304	-8.1940E-07	-8.1940E-07	5.4274E-07	2.4490E-06	9.0809E-06	2.7256E-05	2.7256E-05	1.3740E-08
2.00E-01	1.25E+01	161.5700771	-1.5560E-06	-1.5560E-06	2.7542E-06	4.6600E-06	2.1551E-05	6.4773E-05	6.4773E-05	4.3552E-08
2.50E-01	1.25E+01	161.5644028	-3.1100E-06	-3.1100E-06	7.4303E-06	9.3350E-06	4.2161E-05	1.2687E-04	1.2687E-04	1.0675E-07
3.00E-01	1.25E+01	161.569543	-5.9420E-06	-5.9420E-06	1.5960E-05	1.7860E-05	7.3007E-05	2.2000E-04	2.2000E-04	2.2274E-07
3.50E-01	1.25E+01	161.5684891	-1.0620E-05	-1.0620E-05	3.0064E-05	3.1960E-05	1.1624E-04	3.5099E-04	3.5098E-04	4.2525E-07
4.00E-01	1.25E+01	161.5685648	-1.7810E-05	-1.7810E-05	5.1878E-05	5.3730E-05	1.7422E-04	5.2919E-04	5.2919E-04	8.7647E-07
4.50E-01	1.25E+01	161.5634663	-2.8340E-05	-2.8340E-05	8.4246E-05	8.6040E-05	2.5019E-04	7.7784E-04	7.7782E-04	2.5226E-06
5.00E-01	1.25E+01	161.5607311	-4.3250E-05	-4.3250E-05	1.3216E-04	1.3390E-04	3.5081E-04	1.1677E-03	1.1677E-03	9.2572E-06
5.50E-01	1.25E+01	161.5618942	-6.4130E-05	-6.4130E-05	2.0638E-04	2.0800E-04	4.9184E-04	1.8694E-03	1.8694E-03	3.2499E-05
6.00E-01	1.25E+01	161.5568203	-9.3730E-05	-9.3720E-05	3.2999E-04	3.3150E-04	7.0618E-04	3.2157E-03	3.2156E-03	9.8046E-05
6.50E-01	1.25E+01	161.5608643	-1.3710E-04	-1.3710E-04	5.4787E-04	5.4930E-04	1.0538E-03	5.7552E-03	5.7552E-03	2.5409E-04
7.00E-01	1.25E+01	161.5605636	-2.0310E-04	-2.0300E-04	9.3828E-04	9.3960E-04	1.6304E-03	1.0265E-02	1.0265E-02	5.7774E-04
7.50E-01	1.25E+01	161.5658967	-3.0640E-04	-3.0630E-04	1.6234E-03	1.6250E-03	2.5729E-03	1.7726E-02	1.7726E-02	1.1776E-03
8.00E-01	1.25E+01	161.5731668	-4.6960E-04	-4.6950E-04	2.7790E-03	2.7810E-03	4.0606E-03	2.9302E-02	2.9301E-02	2.1943E-03
8.50E-01	1.25E+01	161.5779633	-7.2540E-04	-7.2530E-04	4.6422E-03	4.6450E-03	6.3147E-03	4.6242E-02	4.6237E-02	3.7973E-03
9.00E-01	1.25E+01	161.5882677	-1.1180E-03	-1.1180E-03	7.5118E-03	7.5140E-03	9.5887E-03	6.9707E-02	6.9690E-02	6.1778E-03
9.50E-01	1.25E+01	161.6022824	-1.7060E-03	-1.7070E-03	1.1741E-02	1.1750E-02	1.4156E-02	1.0097E-01	1.0092E-01	9.5339E-03
1.00E+00	1.25E+01	161.6231184	-2.5610E-03	-2.5610E-03	1.7757E-02	1.7760E-02	2.0318E-02	1.4459E-01	1.4449E-01	1.4084E-02
1.05E+00	1.25E+01	161.6471175	-3.7700E-03	-3.7710E-03	2.6026E-02	2.6030E-02	2.8378E-02	1.9477E-01	1.9456E-01	2.0035E-02
1.10E+00	1.25E+01	161.6773632	-5.4340E-03	-5.4360E-03	3.7052E-02	3.7060E-02	3.8625E-02	2.5613E-01	2.5576E-01	2.7579E-02
1.15E+00	1.25E+01	161.7161895	-7.6740E-03	-7.6780E-03	5.1402E-02	5.1440E-02	5.1374E-02	3.2827E-01	3.2762E-01	3.6919E-02
1.20E+00	1.25E+01	161.7600827	-1.0620E-02	-1.0630E-02	6.9804E-02	6.9790E-02	6.7028E-02	4.1632E-01	4.1524E-01	4.8350E-02
1.25E+00	1.25E+01	161.816827	-1.4420E-02	-1.4430E-02	9.2494E-02	9.2590E-02	8.5539E-02	5.2307E-01	5.2151E-01	6.1734E-02
1.30E+00	1.25E+01	161.8795618	-1.9250E-02	-1.9270E-02	1.2148E-01	1.2150E-01	1.0827E-01	6.5517E-01	6.5259E-01	7.8231E-02
1.35E+00	1.25E+01	161.9633406	-2.5320E-02	-2.5360E-02	1.5738E-01	1.5750E-01	1.3536E-01	8.1724E-01	8.1347E-01	9.7874E-02
1.40E+00	1.25E+01	162.0494293	-3.2880E-02	-3.2940E-02	2.0241E-01	2.0270E-01	1.6811E-01	9.9947E-01	9.9358E-01	1.2179E-01
1.45E+00	1.25E+01	162.1582064	-4.2230E-02	-4.2320E-02	2.5777E-01	2.5810E-01	2.0696E-01	1.1935E+00	1.1846E+00	1.5031E-01
1.50E+00	1.25E+01	162.2705605	-5.3660E-02	-5.3790E-02	3.2265E-01	3.2300E-01	2.5096E-01	1.3972E+00	1.3841E+00	1.8251E-01
1.55E+00	1.25E+01	162.4133976	-6.7410E-02	-6.7600E-02	3.9697E-01	3.9760E-01	2.9972E-01	1.6322E+00	1.6132E+00	2.1795E-01
1.60E+00	1.25E+01	162.5712624	-8.3750E-02	-8.4040E-02	4.8332E-01	4.8430E-01	3.5460E-01	1.9301E+00	1.9024E+00	2.5785E-01
1.65E+00	1.25E+01	162.7579645	-1.0300E-01	-1.0350E-01	5.8688E-01	5.8840E-01	4.1841E-01	2.2894E+00	2.2487E+00	3.0479E-01
1.70E+00	1.25E+01	162.9684035	-1.2580E-01	-1.2640E-01	7.1206E-01	7.1380E-01	4.9321E-01	2.7055E+00	2.6461E+00	3.6080E-01
1.75E+00	1.25E+01	163.21086	-1.5250E-01	-1.5330E-01	8.5698E-01	8.5970E-01	5.7730E-01	3.1455E+00	3.0605E+00	4.2431E-01
1.80E+00	1.25E+01	163.4858773	-1.8370E-01	-1.8490E-01	1.0266E+00	1.0290E+00	6.7304E-01	3.6502E+00	3.5295E+00	4.9778E-01
1.85E+00	1.25E+01	163.8025468	-2.1990E-01	-2.2160E-01	1.2174E+00	1.2220E+00	7.7786E-01	4.2632E+00	4.1114E+00	5.7877E-01
1.90E+00	1.25E+01	164.1656307	-2.6170E-01	-2.6400E-01	1.4458E+00	1.4510E+00	8.9991E-01	5.0610E+00	4.8307E+00	6.7572E-01
1.95E+00	1.25E+01	164.5906122	-3.1020E-01	-3.1330E-01	1.7147E+00	1.7230E+00	1.0400E+00	6.0556E+00	5.6713E+00	7.8996E-01
1.00E-01	1.50E+01	164.0332455	-4.8320E-07	-4.8320E-07	-2.4541E-07	1.4430E-06	2.3779E-06	7.1329E-06	7.1329E-06	2.2379E-09
1.50E-01	1.50E+01	164.0339253	-7.2480E-07	-7.2480E-07	4.8027E-07	2.1650E-06	8.0338E-06	2.4116E-05	2.4116E-05	1.1319E-08
2.00E-01	1.50E+01	164.034428	-1.3760E-06	-1.3760E-06	2.4384E-06	4.1220E-06	1.9072E-05	5.7348E-05	5.7348E-05	3.5901E-08
2.50E-01	1.50E+01	164.0343806	-2.7520E-06	-2.7520E-06	6.5793E-06	8.2620E-06	3.7325E-05	1.1239E-04	1.1239E-04	8.8073E-08
3.00E-01	1.50E+01	164.0293239	-5.2600E-06	-5.2600E-06	1.4139E-05	1.5820E-05	6.4662E-05	1.9501E-04	1.9501E-04	1.8415E-07
3.50E-01	1.50E+01	164.0291384	-9.4020E-06	-9.4020E-06	2.6652E-05	2.8320E-05	1.0301E-04	3.1141E-04	3.1140E-04	3.5829E-07
4.00E-01	1.50E+01	164.0225867	-1.5780E-05	-1.5780E-05	4.6040E-05	4.7660E-05	1.5455E-04	4.7098E-04	4.7097E-04	8.1818E-07
4.50E-01	1.50E+01	164.0255888	-2.5130E-05	-2.5130E-05	7.5027E-05	7.6580E-05	2.2257E-04	7.0119E-04	7.0118E-04	2.7981E-06
5.00E-01	1.50E+01	164.0266667	-3.8450E-05	-3.8450E-05	1.1886E-04	1.2030E-04	3.1462E-04	1.0838E-03	1.0838E-03	1.1250E-05
5.50E-01	1.50E+01	164.0225077	-5.7340E-05	-5.7330E-05	1.8947E-04	1.9090E-04	4.4872E-04	1.8204E-03	1.8204E-03	4.0164E-05
6.00E-01	1.50E+01	164.0268123	-8.4740E-05	-8.4730E-05	3.1320E-04	3.1440E-04	6.6321E-04	3.2847E-03	3.2847E-03	1.2084E-04
6.50E-01	1.50E+01	164.0227545	-1.2620E-04	-1.2620E-04	5.4031E-04	5.4140E-04	1.0254E-03	6.0901E-03	6.0901E-03	3.0939E-04
7.00E-01	1.50E+01	164.0261889	-1.9170E-04	-1.9170E-04	9.5840E-04	9.5940E-04	1.6430E-03	1.1075E-02	1.1075E-02	6.9495E-04
7.50E-01	1.50E+01	164.0345863	-2.9740E-04	-2.9740E-04	1.7018E-03	1.7030E-03	2.6656E-03	1.9328E-02	1.9328E-02	1.3994E-03
8.00E-01	1.50E+01	164.0382457	-4.6830E-04	-4.6830E-04	2.9651E-03	2.9660E-03	4.2917E-03	3.2026E-02	3.2024E-02	2.5833E-03
8.50E-01	1.50E+01	164.0462637	-7.4060E-04	-7.4060E-04	4.9990E-03	5.0010E-03	6.7525E-03	5.0433E-02	5.0424E-02	4.4268E-03
9.00E-01	1.50E+01	164.0662203	-1.1620E-03	-1.1620E-03	8.1251E-03	8.1280E-03	1.0319E-02	7.5875E-02	7.5851E-02	7.1398E-03
9.50E-01	1.50E+01	164.0859232	-1.7960E-03	-1.7970E-03	1.2722E-02	1.2730E-02	1.5283E-02	1.0956E-01	1.0950E-01	1.0940E-02
1.00E+00	1.50E+01	164.1046403	-2.7190E-03	-2.7200E-03	1.9235E-02	1.9240E-02	2.1955E-02	1.5595E-01	1.5582E-01	1.6055E-02
1.05E+00	1.50E+01	164.1274177	-4.0270E-03	-4.0280E-03	2.8143E-02	2.8150E-02	3.0639E-02	2.0941E-01	2.0916E-01	2.2697E-02
1.10E+00	1.50E+01	164.1684373	-5.8230E-03	-5.8250E-03	3.9967E-02	3.9990E-02	4.1629E-02	2.7428E-01	2.7380E-01	3.1062E-02
1.15E+00	1.50E+01	164.2115682	-8.2360E-03	-8.2410E-03	5.5360E-02	5.5410E-02	5.5305E-02	3.4953E-01	3.4867E-01	4.1424E-02
1.20E+00	1.50E+01	164.2645369	-1.1400E-02	-1.1410E-02	7.4938E-02	7.4910E-02	7.1957E-02	4.4217E-01	4.4072E-01	5.3966E-02
1.25E+00	1.50E+01	164.3351538	-1.5480E-02	-1.5500E-02	9.8824E-02	9.8980E-02	9.1459E-02	5.5397E-01	5.5174E-01	6.8482E-02
1.30E+00	1.50E+01	164.4096561	-2.0630E-02	-2.0660E-02	1.2971E-01	1.2970E-01	1.1567E-01	6.9371E-01	6.9020E-01	8.6619E-02
1.35E+00	1.50E+01	164.499398	-2.7120E-02	-2.7160E-02	1.6756E-01	1.6780E-01	1.4424E-01	8.6570E-01	8.6039E-01	1.0797E-01
1.40E+00	1.50E+01	164.5918748	-3.5160E-02	-3.5230E-02	2.1533E-01	2.1570E-01	1.7897E-01	1.0579E+00	1.0497E+00	1.3415E-01
1.45E+00	1.50E+01	164.7133527	-4.5120E-02	-4.5230E-02	2.7396E-01	2.7430E-01	2.2013E-01	1.2629E+00	1.2506E+00	1.6536E-01
1.50E+00	1.50E+01	164.8563734	-5.7260E-02	-5.7420E-02	3.4254E-01	3.4300E-01	2.6664E-01	1.4801E+00	1.4619E+00	2.0052E-01
1.55E+00	1.50E+01	165.0211094	-7.1870E-02	-7.2120E-02	4.2103E-01	4.2180E-01	3.1816E-01	1.7334E+00	1.7076E+00	2.3923E-01
1.60E+00	1.50E+01	165.2020469	-8.9190E-02	-8.9540E-02	5.1308E-01	5.1420E-01	3.7664E-01	2.0568E+00	2.0192E+00	2.8335E-01
1.65E+00	1.50E+01	165.4135114	-1.0970E-01	-1.1020E-01	6.2360E-01	6.2540E-01	4.4473E-01	2.4412E+00	2.3854E+00	3.3542E-01
1.70E+00	1.50E+01	165.6561086	-1.3380E-01	-1.3460E-01	7.5746E-01	7.5940E-01	5.2474E-01	2.8878E+00	2.8063E+00	3.9780E-01
1.75E+00	1.50E+01	165.930896	-1.6230E-01	-1.6330E-01	9.1118E-01	9.1460E-01	6.1399E-01	3.3524E+00	3.2422E+00	4.6799E-01
1.80E+00	1.50E+01	166.2494095	-1.9540E-01	-1.9690E-01	1.0932E+00	1.0960E+00	7.1670E-01	3.9229E+00	3.7607E+00	5.5042E-01
1.85E+00	1.50E+01	166.6171852	-2.3410E-01	-2.3610E-01	1.2951E+00	1.3010E+00	8.2766E-01	4.6753E+00	4.4494E+00	6.3997E-01
1.90E+00	1.50E+01	167.0337544	-2.7860E-01	-2.8140E-01	1.5478E+00	1.5550E+00	9.6275E-01	5.6810E+00	5.3017E+00	7.5368E-01
1.95E+00	1.50E+01	167.5058181	-3.3080E-01	-3.3460E-01	1.8549E+00	1.8650E+00	1.1228E+00	6.9572E+00	6.2825E+00	8.9376E-01
1.00E-01	1.75E+01	166.3243042	-4.3240E-07	-4.3240E-07	-2.1962E-07	1.2900E-06	2.1278E-06	6.3825E-06	6.3825E-06	1.8791E-09
1.50E-01	1.75E+01	166.3262083	-6.4860E-07	-6.4860E-07	4.2987E-07	1.9360E-06	7.1898E-06	2.1583E-05	2.1583E-05	9.4970E-09
2.00E-01	1.75E+01	166.3293071	-1.2320E-06	-1.2320E-06	2.1824E-06	3.6870E-06	1.7072E-05	5.1350E-05	5.1350E-05	3.0136E-08
2.50E-01	1.75E+01	166.3287101	-2.4640E-06	-2.4640E-06	5.8908E-06	7.3950E-06	3.3419E-05	1.0068E-04	1.0068E-04	7.3974E-08
3.00E-01	1.75E+01	166.3291629	-4.7090E-06	-4.7090E-06	1.2665E-05	1.4170E-05	5.7914E-05	1.7475E-04	1.7475E-04	1.5506E-07
3.50E-01	1.75E+01	166.3243957	-8.4200E-06	-8.4200E-06	2.3886E-05	2.5370E-05	9.2302E-05	2.7928E-04	2.7928E-04	3.1067E-07
4.00E-01	1.75E+01	166.3298253	-1.4140E-05	-1.4140E-05	4.1308E-05	4.2750E-05	1.3862E-04	4.2402E-04	4.2401E-04	8.1146E-07
4.50E-01	1.75E+01	166.3225172	-2.2540E-05	-2.2540E-05	6.7604E-05	6.8970E-05	2.0032E-04	6.4131E-04	6.4130E-04	3.2544E-06
5.00E-01	1.75E+01	166.3176895	-3.4590E-05	-3.4590E-05	1.0844E-04	1.0970E-04	2.8606E-04	1.0281E-03	1.0280E-03	1.3850E-05
5.50E-01	1.75E+01	166.3185798	-5.1940E-05	-5.1940E-05	1.7725E-04	1.7840E-04	4.1671E-04	1.8147E-03	1.8147E-03	4.9796E-05
6.00E-01	1.75E+01	166.3223977	-7.7810E-05	-7.7800E-05	3.0382E-04	3.0470E-04	6.3604E-04	3.4256E-03	3.4256E-03	1.4814E-04
6.50E-01	1.75E+01	166.3213542	-1.1840E-04	-1.1840E-04	5.4493E-04	5.4590E-04	1.0205E-03	6.5498E-03	6.5498E-03	3.7454E-04
7.00E-01	1.75E+01	166.3240156	-1.8470E-04	-1.8470E-04	9.9886E-04	9.9940E-04	1.6908E-03	1.2077E-02	1.2077E-02	8.3175E-04
7.50E-01	1.75E+01	166.3343002	-2.9500E-04	-2.9500E-04	1.8115E-03	1.8130E-03	2.8086E-03	2.1162E-02	2.1161E-02	1.6548E-03
8.00E-01	1.75E+01	166.3400748	-4.7670E-04	-4.7670E-04	3.1945E-03	3.1950E-03	4.5890E-03	3.5025E-02	3.5021E-02	3.0211E-03
8.50E-01	1.75E+01	166.3526061	-7.6940E-04	-7.6940E-04	5.4156E-03	5.4180E-03	7.2765E-03	5.5051E-02	5.5037E-02	5.1264E-03
9.00E-01	1.75E+01	166.3741407	-1.2240E-03	-1.2250E-03	8.8244E-03	8.8280E-03	1.1166E-02	8.2655E-02	8.2618E-02	8.2044E-03
9.50E-01	1.75E+01	166.3811049	-1.9110E-03	-1.9120E-03	1.3822E-02	1.3830E-02	1.6562E-02	1.1877E-01	1.1869E-01	1.2490E-02
1.00E+00	1.75E+01	166.4212724	-2.9110E-03	-2.9120E-03	2.0858E-02	2.0860E-02	2.3770E-02	1.6816E-01	1.6797E-01	1.8202E-02
1.05E+00	1.75E+01	166.4540866	-4.3250E-03	-4.3260E-03	3.0422E-02	3.0440E-02	3.3093E-02	2.2517E-01	2.2482E-01	2.5559E-02
1.10E+00	1.75E+01	166.4945941	-6.2630E-03	-6.2660E-03	4.3167E-02	4.3180E-02	4.4939E-02	2.9448E-01	2.9383E-01	3.4869E-02
1.15E+00	1.75E+01	166.547182	-8.8670E-03	-8.8730E-03	5.9653E-02	5.9710E-02	5.9588E-02	3.7429E-01	3.7315E-01	4.6310E-02
1.20E+00	1.75E+01	166.6057424	-1.2280E-02	-1.2290E-02	8.0646E-02	8.0620E-02	7.7447E-02	4.7164E-01	4.6971E-01	6.0184E-02
1.25E+00	1.75E+01	166.6798076	-1.6660E-02	-1.6680E-02	1.0608E-01	1.0620E-01	9.8205E-02	5.8914E-01	5.8598E-01	7.6098E-02
1.30E+00	1.75E+01	166.7622434	-2.2180E-02	-2.2210E-02	1.3885E-01	1.3890E-01	1.2389E-01	7.3647E-01	7.3168E-01	9.5909E-02
1.35E+00	1.75E+01	166.8735324	-2.9120E-02	-2.9180E-02	1.7899E-01	1.7920E-01	1.5420E-01	9.1888E-01	9.1158E-01	1.1924E-01
1.40E+00	1.75E+01	166.9799202	-3.7710E-02	-3.7790E-02	2.2972E-01	2.3010E-01	1.9108E-01	1.1235E+00	1.1124E+00	1.4791E-01
1.45E+00	1.75E+01	167.1224602	-4.8350E-02	-4.8480E-02	2.9194E-01	2.9240E-01	2.3477E-01	1.3403E+00	1.3231E+00	1.8210E-01
1.50E+00	1.75E+01	167.2752809	-6.1280E-02	-6.1480E-02	3.6487E-01	3.6540E-01	2.8423E-01	1.5713E+00	1.5459E+00	2.2072E-01
1.55E+00	1.75E+01	167.4561837	-7.6860E-02	-7.7150E-02	4.4785E-01	4.4880E-01	3.3871E-01	1.8465E+00	1.8116E+00	2.6303E-01
1.60E+00	1.75E+01	167.6632876	-9.5270E-02	-9.5700E-02	5.4590E-01	5.4730E-01	4.0100E-01	2.1978E+00	2.1475E+00	3.1172E-01
1.65E+00	1.75E+01	167.8973971	-1.1710E-01	-1.1770E-01	6.6478E-01	6.6690E-01	4.7423E-01	2.6053E+00	2.5297E+00	3.6997E-01
1.70E+00	1.75E+01	168.1692	-1.4290E-01	-1.4380E-01	8.0801E-01	8.1000E-01	5.5989E-01	3.0891E+00	2.9789E+00	4.3948E-01
1.75E+00	1.75E+01	168.4754822	-1.7320E-01	-1.7450E-01	9.7004E-01	9.7440E-01	6.5402E-01	3.6048E+00	3.4611E+00	5.1636E-01
1.80E+00	1.75E+01	168.8386198	-2.0850E-01	-2.1030E-01	1.1674E+00	1.1710E+00	7.6541E-01	4.2982E+00	4.0750E+00	6.1005E-01
1.85E+00	1.75E+01	169.2378895	-2.4990E-01	-2.5230E-01	1.3876E+00	1.3950E+00	8.8645E-01	5.2718E+00	4.9275E+00	7.1302E-01
1.90E+00	1.75E+01	169.7036585	-2.9770E-01	-3.0100E-01	1.6761E+00	1.6840E+00	1.0406E+00	6.5809E+00	5.9501E+00	8.5172E-01
1.00E-01	2.00E+01	168.489047	-3.9070E-07	-3.9070E-07	-1.9847E-07	1.1640E-06	1.9223E-06	5.7664E-06	5.7664E-06	1.6023E-09
1.50E-01	2.00E+01	168.4919654	-5.8600E-07	-5.8600E-07	3.8842E-07	1.7460E-06	6.4961E-06	1.9494E-05	1.9494E-05	8.0900E-09
2.00E-01	2.00E+01	168.4852025	-1.1130E-06	-1.1130E-06	1.9724E-06	3.3280E-06	1.5427E-05	4.6413E-05	4.6413E-05	2.5680E-08
2.50E-01	2.00E+01	168.4796397	-2.2260E-06	-2.2260E-06	5.3253E-06	6.6800E-06	3.0205E-05	9.1019E-05	9.1019E-05	6.3064E-08
3.00E-01	2.00E+01	168.4880916	-4.2560E-06	-4.2560E-06	1.1451E-05	1.2800E-05	5.2355E-05	1.5803E-04	1.5802E-04	1.3268E-07
3.50E-01	2.00E+01	168.4816227	-7.6110E-06	-7.6110E-06	2.1604E-05	2.2940E-05	8.3472E-05	2.5274E-04	2.5274E-04	2.7806E-07
4.00E-01	2.00E+01	168.4821992	-1.2790E-05	-1.2790E-05	3.7418E-05	3.8690E-05	1.2552E-04	3.8582E-04	3.8581E-04	8.5558E-07
4.50E-01	2.00E+01	168.4825694	-2.0410E-05	-2.0410E-05	6.1589E-05	6.2770E-05	1.8222E-04	5.9557E-04	5.9556E-04	3.9356E-06
5.00E-01	2.00E+01	168.4821532	-3.1440E-05	-3.1440E-05	1.0036E-04	1.0140E-04	2.6359E-04	9.9666E-04	9.9665E-04	1.7314E-05
5.50E-01	2.00E+01	168.4727314	-4.7630E-05	-4.7630E-05	1.6904E-04	1.7000E-04	3.9395E-04	1.8535E-03	1.8535E-03	6.1921E-05
6.00E-01	2.00E+01	168.477842	-7.2560E-05	-7.2560E-05	3.0147E-04	3.0220E-04	6.2338E-04	3.6485E-03	3.6485E-03	1.8165E-04
6.50E-01	2.00E+01	168.4848084	-1.1320E-04	-1.1320E-04	5.6189E-04	5.6260E-04	1.0386E-03	7.1343E-03	7.1342E-03	4.5321E-04
7.00E-01	2.00E+01	168.4840667	-1.8180E-04	-1.8180E-04	1.0590E-03	1.0590E-03	1.7725E-03	1.3259E-02	1.3259E-02	9.9226E-04
7.50E-01	2.00E+01	168.4939234	-2.9870E-04	-2.9870E-04	1.9527E-03	1.9540E-03	3.0018E-03	2.3312E-02	2.3310E-02	1.9501E-03
8.00E-01	2.00E+01	168.5054995	-4.9420E-04	-4.9420E-04	3.4766E-03	3.4770E-03	4.9635E-03	3.8580E-02	3.8572E-02	3.5276E-03
8.50E-01	2.00E+01	168.5251314	-8.1170E-04	-8.1170E-04	5.9180E-03	5.9190E-03	7.9173E-03	6.0302E-02	6.0280E-02	5.9368E-03
9.00E-01	2.00E+01	168.5425471	-1.3070E-03	-1.3080E-03	9.6378E-03	9.6410E-03	1.2162E-02	8.9970E-02	8.9913E-02	9.4178E-03
9.50E-01	2.00E+01	168.5597807	-2.0550E-03	-2.0550E-03	1.5068E-02	1.5070E-02	1.8024E-02	1.2886E-01	1.2873E-01	1.4227E-02
1.00E+00	2.00E+01	168.5972061	-3.1430E-03	-3.1440E-03	2.2693E-02	2.2700E-02	2.5837E-02	1.8161E-01	1.8135E-01	2.0616E-02
1.05E+00	2.00E+01	168.6366316	-4.6770E-03	-4.6790E-03	3.3051E-02	3.3060E-02	3.5933E-02	2.4227E-01	2.4177E-01	2.8833E-02
1.10E+00	2.00E+01	168.681389	-6.7800E-03	-6.7840E-03	4.6687E-02	4.6710E-02	4.8610E-02	3.1585E-01	3.1497E-01	3.9079E-02
1.15E+00	2.00E+01	168.7398468	-9.5870E-03	-9.5950E-03	6.4372E-02	6.4420E-02	6.4319E-02	4.0165E-01	4.0014E-01	5.1708E-02
1.20E+00	2.00E+01	168.8139136	-1.3270E-02	-1.3280E-02	8.6831E-02	8.6840E-02	8.3426E-02	5.0524E-01	5.0271E-01	6.6985E-02
1.25E+00	2.00E+01	168.8897283	-1.7990E-02	-1.8010E-02	1.1429E-01	1.1440E-01	1.0584E-01	6.2947E-01	6.2517E-01	8.4718E-02
1.30E+00	2.00E+01	168.9797837	-2.3930E-02	-2.3970E-02	1.4907E-01	1.4920E-01	1.3311E-01	7.8460E-01	7.7802E-01	1.0635E-01
1.35E+00	2.00E+01	169.0920115	-3.1380E-02	-3.1440E-02	1.9181E-01	1.9210E-01	1.6537E-01	9.7941E-01	9.6938E-01	1.3194E-01
1.40E+00	2.00E+01	169.2265295	-4.0580E-02	-4.0680E-02	2.4569E-01	2.4620E-01	2.0455E-01	1.1994E+00	1.1844E+00	1.6329E-01
1.45E+00	2.00E+01	169.3794406	-5.1960E-02	-5.2110E-02	3.1257E-01	3.1310E-01	2.5150E-01	1.4276E+00	1.4038E+00	2.0127E-01
1.50E+00	2.00E+01	169.5443547	-6.5820E-02	-6.6060E-02	3.9029E-01	3.9080E-01	3.0423E-01	1.6728E+00	1.6373E+00	2.4383E-01
1.55E+00	2.00E+01	169.7432889	-8.2450E-02	-8.2800E-02	4.7780E-01	4.7890E-01	3.6168E-01	1.9697E+00	1.9216E+00	2.8982E-01
1.60E+00	2.00E+01	169.9720752	-1.0210E-01	-1.0270E-01	5.8252E-01	5.8420E-01	4.2826E-01	2.3556E+00	2.2859E+00	3.4378E-01
1.65E+00	2.00E+01	170.2329447	-1.2550E-01	-1.2620E-01	7.1068E-01	7.1320E-01	5.0720E-01	2.7920E+00	2.6880E+00	4.0911E-01
1.70E+00	2.00E+01	170.5328188	-1.5310E-01	-1.5410E-01	8.6515E-01	8.6700E-01	5.9956E-01	3.3312E+00	3.1757E+00	4.8722E-01
1.75E+00	2.00E+01	170.8730561	-1.8560E-01	-1.8700E-01	1.0364E+00	1.0420E+00	6.9906E-01	3.9392E+00	3.7308E+00	5.7167E-01
1.80E+00	2.00E+01	171.259033	-2.2340E-01	-2.2540E-01	1.2546E+00	1.2580E+00	8.2223E-01	4.8294E+00	4.4834E+00	6.8084E-01
1.85E+00	2.00E+01	171.7067469	-2.6800E-01	-2.7080E-01	1.5026E+00	1.5110E+00	9.5862E-01	6.1137E+00	5.5318E+00	8.0422E-01
1.00E-01	2.25E+01	170.529586	-3.5580E-07	-3.5580E-07	-1.8073E-07	1.0580E-06	1.7507E-06	5.2515E-06	5.2515E-06	1.3841E-09
1.50E-01	2.25E+01	170.530086	-5.3370E-07	-5.3370E-07	3.5381E-07	1.5870E-06	5.9167E-06	1.7747E-05	1.7747E-05	6.9800E-09
2.00E-01	2.25E+01	170.5279783	-1.0140E-06	-1.0140E-06	1.7964E-06	3.0280E-06	1.4052E-05	4.2283E-05	4.2283E-05	2.2160E-08
2.50E-01	2.25E+01	170.5251364	-2.0280E-06	-2.0280E-06	4.8513E-06	6.0820E-06	2.7517E-05	8.2932E-05	8.2932E-05	5.4443E-08
3.00E-01	2.25E+01	170.5259504	-3.8770E-06	-3.8770E-06	1.0434E-05	1.1660E-05	4.7703E-05	1.4400E-04	1.4400E-04	1.1522E-07
3.50E-01	2.25E+01	170.5243214	-6.9350E-06	-6.9350E-06	1.9694E-05	2.0900E-05	7.6082E-05	2.3051E-04	2.3051E-04	2.5862E-07
4.00E-01	2.25E+01	170.5261844	-1.1650E-05	-1.1650E-05	3.4182E-05	3.5310E-05	1.1458E-04	3.5472E-04	3.5472E-04	9.6126E-07
4.50E-01	2.25E+01	170.521856	-1.8640E-05	-1.8640E-05	5.6690E-05	5.7720E-05	1.6740E-04	5.6183E-04	5.6182E-04	4.9094E-06
5.00E-01	2.25E+01	170.5197296	-2.8850E-05	-2.8850E-05	9.4220E-05	9.5150E-05	2.4614E-04	9.8835E-04	9.8834E-04	2.1896E-05
5.50E-01	2.25E+01	170.5171655	-4.4210E-05	-4.4210E-05	1.6435E-04	1.6520E-04	3.7920E-04	1.9388E-03	1.9388E-03	7.7306E-05
6.00E-01	2.25E+01	170.5234406	-6.8730E-05	-6.8730E-05	3.0611E-04	3.0670E-04	6.2473E-04	3.9671E-03	3.9671E-03	2.2333E-04
6.50E-01	2.25E+01	170.5255501	-1.1030E-04	-1.1030E-04	5.9242E-04	5.9260E-04	1.0811E-03	7.8674E-03	7.8673E-03	5.4990E-04
7.00E-01	2.25E+01	170.535639	-1.8290E-04	-1.8280E-04	1.1422E-03	1.1430E-03	1.8928E-03	1.4748E-02	1.4747E-02	1.1855E-03
7.50E-01	2.25E+01	170.5393112	-3.0890E-04	-3.0890E-04	2.1376E-03	2.1380E-03	3.2620E-03	2.5876E-02	2.5873E-02	2.3085E-03
8.00E-01	2.25E+01	170.5508834	-5.2260E-04	-5.2260E-04	3.8220E-03	3.8230E-03	5.4308E-03	4.2565E-02	4.2554E-02	4.1261E-03
8.50E-01	2.25E+01	170.575321	-8.7020E-04	-8.7030E-04	6.5109E-03	6.5130E-03	8.6838E-03	6.6319E-02	6.6287E-02	6.8779E-03
9.00E-01	2.25E+01	170.5947543	-1.4140E-03	-1.4150E-03	1.0594E-02	1.0600E-02	1.3343E-02	9.8593E-02	9.8511E-02	1.0828E-02
9.50E-01	2.25E+01	170.6240768	-2.3400E-03	-2.2350E-03	1.6526E-02	1.6530E-02	1.9748E-02	1.4021E-01	1.4003E-01	1.6248E-02
1.00E+00	2.25E+01	170.6536619	-3.4240E-03	-3.4250E-03	2.4787E-02	2.4800E-02	2.8212E-02	1.9624E-01	1.9588E-01	2.3376E-02
1.05E+00	2.25E+01	170.6951246	-5.0950E-03	-5.0980E-03	3.5936E-02	3.5950E-02	3.9080E-02	2.6070E-01	2.6007E-01	3.2469E-02
1.10E+00	2.25E+01	170.7485167	-7.3790E-03	-7.3840E-03	5.0627E-02	5.0650E-02	5.2737E-02	3.3932E-01	3.3814E-01	4.3820E-02
1.15E+00	2.25E+01	170.8114571	-1.0420E-02	-1.0430E-02	6.9558E-02	6.9620E-02	6.9555E-02	4.3169E-01	4.2974E-01	5.7711E-02
1.20E+00	2.25E+01	170.8958325	-1.4400E-02	-1.4420E-02	9.3689E-02	9.3710E-02	9.0091E-02	5.4295E-01	5.3958E-01	7.4601E-02
1.25E+00	2.25E+01	170.9740707	-1.9500E-02	-1.9530E-02	1.1860E-01	1.2350E-01	1.1050E-01	6.7528E-01	6.6976E-01	9.4295E-02
1.30E+00	2.25E+01	171.0829103	-2.5920E-02	-2.5970E-02	1.6058E-01	1.6070E-01	1.4350E-01	8.3890E-01	8.3001E-01	1.1820E-01
1.35E+00	2.25E+01	171.2039379	-3.3930E-02	-3.4010E-02	2.0616E-01	2.0640E-01	1.7790E-01	1.0472E+00	1.0339E+00	1.4627E-01
1.40E+00	2.25E+01	171.350274	-4.3830E-02	-4.3950E-02	2.6348E-01	2.6410E-01	2.1959E-01	1.2852E+00	1.2653E+00	1.8063E-01
1.45E+00	2.25E+01	171.5093324	-5.6030E-02	-5.6220E-02	3.3547E-01	3.3610E-01	2.7013E-01	1.5292E+00	1.4981E+00	2.2288E-01
1.50E+00	2.25E+01	171.6944136	-7.0940E-02	-7.1220E-02	4.1912E-01	4.1960E-01	3.2689E-01	1.7935E+00	1.7451E+00	2.7030E-01
1.55E+00	2.25E+01	171.9130896	-8.8780E-02	-8.9190E-02	5.1207E-01	5.1340E-01	3.8791E-01	2.1151E+00	2.0479E+00	3.2079E-01
1.60E+00	2.25E+01	172.1609992	-1.0990E-01	-1.1050E-01	6.2491E-01	6.2670E-01	4.5963E-01	2.5439E+00	2.4456E+00	3.8112E-01
1.65E+00	2.25E+01	172.4407197	-1.3500E-01	-1.3580E-01	7.6335E-01	7.6630E-01	5.4494E-01	3.0307E+00	2.8851E+00	4.5462E-01
1.70E+00	2.25E+01	172.7658792	-1.6460E-01	-1.6590E-01	9.3211E-01	9.3390E-01	6.4589E-01	3.6629E+00	3.4372E+00	5.4395E-01
1.75E+00	2.25E+01	173.1319033	-1.9970E-01	-2.0140E-01	1.1181E+00	1.1240E+00	7.5398E-01	4.4235E+00	4.0964E+00	6.4009E-01
1.80E+00	2.25E+01	173.5637843	-2.4060E-01	-2.4300E-01	1.3658E+00	1.3700E+00	8.9379E-01	5.5658E+00	4.9978E+00	7.7182E-01
1.85E+00	2.25E+01	174.0420619	-2.8930E-01	-2.9270E-01	1.6552E+00	1.6650E+00	1.0529E+00	7.2245E+00	6.2190E+00	9.2673E-01
1.00E-01	2.50E+01	172.4708413	-3.2630E-07	-3.2630E-07	-1.6577E-07	9.6700E-07	1.6053E-06	4.8151E-06	4.8151E-06	1.2089E-09
1.50E-01	2.50E+01	172.4704336	-4.8940E-07	-4.8940E-07	3.2447E-07	1.4500E-06	5.4258E-06	1.6263E-05	1.6263E-05	6.0880E-09
2.00E-01	2.50E+01	172.458745	-9.2950E-07	-9.2950E-07	1.6479E-06	2.7710E-06	1.2887E-05	3.8781E-05	3.8781E-05	1.9331E-08
2.50E-01	2.50E+01	172.4626394	-1.8600E-06	-1.8600E-06	4.4495E-06	5.5730E-06	2.5238E-05	7.6069E-05	7.6069E-05	4.7510E-08
3.00E-01	2.50E+01	172.4623412	-3.5560E-06	-3.5560E-06	9.5711E-06	1.0690E-05	4.3757E-05	1.3208E-04	1.3208E-04	1.0157E-07
3.50E-01	2.50E+01	172.4580298	-6.3610E-06	-6.3610E-06	1.8075E-05	1.9160E-05	6.9818E-05	2.1171E-04	2.1171E-04	2.5256E-07
4.00E-01	2.50E+01	172.463895	-1.0700E-05	-1.0700E-05	3.1448E-05	3.2460E-05	1.0537E-04	3.2915E-04	3.2915E-04	1.1425E-06
4.50E-01	2.50E+01	172.4654543	-1.7140E-05	-1.7140E-05	5.2709E-05	5.3590E-05	1.5522E-04	5.3960E-04	5.3959E-04	6.2743E-06
5.00E-01	2.50E+01	172.4592624	-2.6710E-05	-2.6710E-05	8.9910E-05	9.0670E-05	2.3324E-04	1.0069E-03	1.0069E-03	2.7984E-05
5.50E-01	2.50E+01	172.4555321	-4.1560E-05	-4.1560E-05	1.6377E-04	1.6430E-04	3.7333E-04	2.0859E-03	2.0859E-03	9.7486E-05
6.00E-01	2.50E+01	172.4638204	-6.6270E-05	-6.6270E-05	3.1890E-04	3.1910E-04	6.4195E-04	4.3823E-03	4.3823E-03	2.7709E-04
6.50E-01	2.50E+01	172.4720192	-1.0980E-04	-1.0980E-04	6.3725E-04	6.3740E-04	1.1493E-03	8.7990E-03	8.7987E-03	6.6921E-04
7.00E-01	2.50E+01	172.4794492	-1.8800E-04	-1.8800E-04	1.2532E-03	1.2530E-03	2.0589E-03	1.6499E-02	1.6498E-02	1.4233E-03
7.50E-01	2.50E+01	172.481159	-3.2630E-04	-3.2630E-04	2.3637E-03	2.3640E-03	3.5866E-03	2.8825E-02	2.8820E-02	2.7334E-03
8.00E-01	2.50E+01	172.4934296	-5.6170E-04	-5.6180E-04	4.2365E-03	4.2380E-03	5.9979E-03	4.7270E-02	4.7252E-02	4.8323E-03
8.50E-01	2.50E+01	172.5100799	-9.4600E-04	-9.4610E-04	7.2152E-03	7.2180E-03	9.6015E-03	7.3260E-02	7.3208E-02	7.9862E-03
9.00E-01	2.50E+01	172.5398989	-1.5470E-03	-1.5480E-03	1.1705E-02	1.1710E-02	1.4726E-02	1.0779E-01	1.0767E-01	1.2469E-02
9.50E-01	2.50E+01	172.5737714	-2.4480E-03	-2.4490E-03	1.8162E-02	1.8170E-02	2.1696E-02	1.5250E-01	1.5225E-01	1.8537E-02
1.00E+00	2.50E+01	172.6062024	-3.7530E-03	-3.7550E-03	2.7141E-02	2.7150E-02	3.0896E-02	2.1243E-01	2.1193E-01	2.6506E-02
1.05E+00	2.50E+01	172.6535184	-5.5800E-03	-5.5840E-03	3.9196E-02	3.9210E-02	4.2648E-02	2.8137E-01	2.8043E-01	3.6608E-02
1.10E+00	2.50E+01	172.7132193	-8.0690E-03	-8.0760E-03	5.5016E-02	5.5040E-02	5.7356E-02	3.6578E-01	3.6419E-01	4.9163E-02
1.15E+00	2.50E+01	172.7729217	-1.1370E-02	-1.1390E-02	7.5384E-02	7.5480E-02	7.5456E-02	4.6300E-01	4.6027E-01	6.4524E-02
1.20E+00	2.50E+01	172.8626321	-1.5680E-02	-1.5700E-02	1.0145E-01	1.0140E-01	9.7621E-02	5.8506E-01	5.8045E-01	8.3280E-02
1.25E+00	2.50E+01	172.9592812	-2.1190E-02	-2.1220E-02	1.3274E-01	1.3310E-01	1.2317E-01	7.2575E-01	7.1924E-01	1.0462E-01
1.30E+00	2.50E+01	173.066424	-2.8110E-02	-2.8170E-02	1.7384E-01	1.7380E-01	1.5539E-01	8.9883E-01	8.8619E-01	1.3188E-01
1.35E+00	2.50E+01	173.2101047	-3.6800E-02	-3.6890E-02	2.2193E-01	2.2230E-01	1.9172E-01	1.1248E+00	1.1076E+00	1.6230E-01
1.40E+00	2.50E+01	173.3579926	-4.7420E-02	-4.7560E-02	2.8312E-01	2.8380E-01	2.3620E-01	1.3833E+00	1.3577E+00	2.0006E-01
1.45E+00	2.50E+01	173.5326197	-6.0590E-02	-6.0810E-02	3.6124E-01	3.6190E-01	2.9107E-01	1.6548E+00	1.6116E+00	2.4755E-01
1.50E+00	2.50E+01	173.7317697	-7.6640E-02	-7.6970E-02	4.5216E-01	4.5270E-01	3.5275E-01	1.9498E+00	1.8818E+00	3.0101E-01
1.55E+00	2.50E+01	173.9662837	-9.5940E-02	-9.6420E-02	5.5266E-01	5.5430E-01	4.1876E-01	2.2983E+00	2.1986E+00	3.5769E-01
1.60E+00	2.50E+01	174.2336177	-1.1870E-01	-1.1940E-01	6.7633E-01	6.7790E-01	4.9733E-01	2.7886E+00	2.6350E+00	4.2668E-01
1.65E+00	2.50E+01	174.5352831	-1.4590E-01	-1.4690E-01	8.2579E-01	8.2930E-01	5.8951E-01	3.3800E+00	3.1672E+00	5.0945E-01
1.70E+00	2.50E+01	174.8891308	-1.7800E-01	-1.7950E-01	1.0158E+00	1.0180E+00	7.0314E-01	4.1734E+00	3.8086E+00	6.1559E-01
1.75E+00	2.50E+01	175.2816029	-2.1640E-01	-2.1840E-01	1.2306E+00	1.2380E+00	8.2798E-01	5.1414E+00	4.5170E+00	7.3419E-01
1.80E+00	2.50E+01	175.7381201	-2.6150E-01	-2.6430E-01	1.5210E+00	1.5250E+00	9.9186E-01	6.5587E+00	5.4955E+00	9.0026E-01
